"","B_cells","Endothelial_cells","Fibroblasts","Macrophages_and_MDSCs","Mast_cells","NK_and_T_cells","SMCs_Fibroblasts_Hybrids","SMCs_maintype","SMCs_subtype"
"AAACAAGTATCTCCCA-1",9.15901027728396e-05,9.1590103069259e-05,9.15901030691638e-05,0.0246097703732553,9.15901026767719e-05,0.014750925676151,0.562072435268814,9.81623345446631e-05,0.398102345935647
"AAACACCAATAACTGC-1",6.68805338471936e-05,6.68805338476745e-05,6.68805330623855e-05,6.68805338476738e-05,6.68805338476583e-05,0.0175213353471273,0.874640751288481,8.48733519953959e-05,0.107418637343944
"AAACAGAGCGACTCCT-1",9.00667495556135e-05,9.9497687974254e-05,0.0250289306250038,0.112049802532606,9.00667495509569e-05,9.00667495510032e-05,0.627412166013337,0.23504933614287,9.00667495509652e-05
"AAACATTTCCCGGATT-1",4.80555573441938e-05,4.80555574331882e-05,0.789736811174413,0.09397871475505,4.80555571537744e-05,4.80555574331829e-05,0.000272109927270976,0.107408186011854,0.00841195590204735
"AAACCCGAACGAAATC-1",0.000141771593750064,0.292265486155751,0.363436556988328,0.180343127908058,0.000141771594411141,0.000141771594385496,0.000190853650512154,0.153248949343653,0.0100897111711515
"AAACCGGAAATGTTAA-1",0.000188342630190289,0.0869543925199574,0.134402035214007,0.115791523443881,0.000188342629893837,0.0055051628461966,0.383130603479162,0.170727053482517,0.103112543754194
"AAACCGTTCGTCCAGG-1",0.00944793442447583,0.00706875017215459,0.093151808736582,0.0742457479053636,9.12711664986667e-05,0.013986007316214,0.491263972346032,0.310356184427734,0.000388323504945417
"AAACTTGCAAACGTAT-1",0.000134812436189636,0.352105087662314,0.398493514496893,0.135007542136793,0.000134812437806496,0.113719793516594,0.000134812437806465,0.000134812437797271,0.000134812437806465
"AAAGGCTCTCGCGCCG-1",6.11050124499504e-05,0.0932534992004014,0.056660218847377,0.022816526131955,6.11050123389591e-05,6.11050123389565e-05,0.379356851904417,0.438847152243876,0.00888243663484583
"AAAGTAGCATTGCTCA-1",2.38712964820113e-05,0.0012030998394455,2.38712974296353e-05,2.38712974129975e-05,2.38712973590596e-05,2.38712974150247e-05,0.108115935533889,0.828242234160859,0.0623193739797082
"AAAGTGTGATTTATCT-1",8.92781948005054e-05,0.0133787570836575,0.165781450528591,0.0662006815111417,8.92781949184633e-05,0.000505350608266289,0.428707841868094,0.267415379778829,0.0578319822317019
"AAATAACCATACGGGA-1",6.26996043957908e-05,0.0331423799614072,6.26996043978396e-05,0.00880129327605944,6.26996043978282e-05,0.00448921365415661,0.95320423488789,7.0589446262975e-05,0.000104189961031905
"AAATAGGGTGCTATTG-1",0.0430993828702854,0.000178881233914928,0.249320068373226,0.181501352859823,0.00017888123419203,0.0692518392820098,0.0739201700741884,0.0760851879743859,0.306464236097975
"AAATGGCCCGTGCCCT-1",0.000133849442252781,0.000133849443908651,0.169629412256986,0.129065355878534,0.000133849443908661,0.000133849443908657,0.502226958481223,0.171966539646042,0.0265763359632357
"AAATTACACGACTCTG-1",8.10854858575466e-05,0.180472934049514,8.10854864225701e-05,0.00265725270439224,8.10854864225704e-05,0.0194982559796518,0.574925798461052,0.222038155883701,0.000164346462986257
"AAATTACCTATCGATG-1",4.45606697631584e-05,0.0951210396382354,0.6427172536387,0.0357933926308409,4.4560670266178e-05,0.0181450668121431,0.000257512295964729,0.20782678888385,4.98247602364732e-05
"AAATTTGCGGGTGTGG-1",5.34183739762243e-05,5.34183757070333e-05,0.257854867339613,0.561646944079688,0.0068566790434799,8.24070645616001e-05,6.12919265404891e-05,0.115334118681371,0.0580568551150628
"AACAATACATTGTCGA-1",4.89793825143718e-05,0.0023762795009193,4.89793827124443e-05,4.89793827415637e-05,4.89793827233798e-05,4.89793827202496e-05,0.522239162042135,0.328522758273463,0.146616903270071
"AACAATTACTCTACGC-1",2.59491342110246e-05,0.0137971769999966,2.5949133364529e-05,2.59491347330573e-05,2.59491347404908e-05,2.59491347397818e-05,0.176751490831292,0.73430352110729,0.0750180653896325
"AACACGAGACGCGGCC-1",0.00022224702778974,0.24226072543495,0.486653183362069,0.247824715872396,0.0221501401873477,0.000222247028855609,0.000222247028855606,0.000222247028880372,0.000222247028855614
"AACAGGATGGGCCGCG-1",8.41159950078226e-05,0.0355731133552462,0.0488605932930152,0.0989679267898326,8.41159966498933e-05,0.0120791721050005,0.570454258674975,0.224111251295479,0.0097854524947942
"AACAGGTAGTATGGAT-1",0.000142038205665067,0.101448420650576,0.151694471125598,0.0809220377311061,0.0208133784658986,0.00014203820503324,0.0878566953046105,0.556838882106479,0.000142038205033264
"AACCCGAGCAGAATCG-1",9.9377274102604e-05,9.9377272978874e-05,0.0624316840819981,9.93772729788498e-05,0.0719602227572528,9.93772729788507e-05,0.722479860041494,0.142631346753237,9.93772729788198e-05
"AACCGAGCTTGGTCAT-1",6.94616530284253e-05,6.94616530276004e-05,0.325276960440296,0.0301630027659676,6.9461652906849e-05,0.0259765500938048,0.0826510122271573,0.451229064440873,0.0844950250729388
"AACCGCTAAGGGATGC-1",9.14011229701347e-05,0.0175465159480132,0.419749733373043,0.0787134187356776,9.14011247602961e-05,9.14011247602969e-05,0.161670188543004,0.272377351490468,0.0496685885373031
"AACCGTTGTGTTTGCT-1",3.24223567899155e-05,0.00272304567150775,3.24223567821418e-05,0.0050259322921276,3.24223567848248e-05,0.00906661519647943,0.386596034962363,0.596291006324815,0.000200098482350247
"AACCTTTACGACGTCT-1",5.94647175923356e-05,0.10297586446073,5.94647195952281e-05,5.94647195952293e-05,5.94647195952207e-05,5.94647195952297e-05,0.846006383358375,0.0506574270219807,6.30015629406713e-05
"AACGCATGATCTGGGT-1",6.70067981184584e-05,0.00592663827370779,0.0031613244621364,0.0148413579675383,6.70067986441411e-05,6.70067986437152e-05,0.493020259406775,0.447217449033807,0.0356319504606291
"AACGCTGTTGCTGAAA-1",0.0188398863973992,6.6159546722004e-05,0.000104388120710018,0.039606356147318,6.2534486972065e-05,6.25344862588394e-05,0.634463524883831,0.306673672032581,0.000120943898208261
"AACGGACGTACGTATA-1",6.62792588141357e-05,0.00385751398370667,0.00363534160783386,0.0138082067020837,6.62792586414332e-05,6.62792586417037e-05,0.746285068908129,0.150209741008703,0.0820052900134462
"AACGGCCATCTCCGGT-1",0.000323197571223253,0.214336753560678,0.239333147423588,0.19434394481005,0.000872008603905852,0.0354565940558123,0.0374307509118241,0.0935993637299486,0.184304239332971
"AACGTACTGTGGGTAC-1",0.0132233708051082,0.127804993373253,0.18630068935997,0.0659399557325102,0.00018664491803327,0.0358512880413033,0.201353925319525,0.369062999118668,0.000276133331628757
"AACGTGATGAAGGACA-1",0.0271108444886799,0.0213745432366818,0.841939885017462,0.0746722503680543,0.000106098107865688,0.000139192912627626,0.000106098108625856,0.00241723720330163,0.0321338505567016
"AACGTTATCAGCACCT-1",9.61702298817181e-05,9.61702298661047e-05,9.61702298463158e-05,0.000586048159005376,9.61702298661367e-05,9.61702298661091e-05,0.454016854490284,0.44879963001152,0.0961166161898636
"AACTACCCGTTTGTCA-1",9.5104978619737e-05,0.00011736737347098,0.654599202068126,0.303792324971598,9.51049791712251e-05,9.51049786191234e-05,9.5104978619124e-05,9.51049786191225e-05,0.0410155806931569
"AACTCCAGAGCGTGTT-1",2.89677899753465e-05,5.01939223049343e-05,0.979121813082133,0.0203511642179826,2.89677859857348e-05,3.97972585679725e-05,0.000154640415134038,2.89677889307516e-05,0.000195487738985827
"AACTCCTAATCCCATG-1",0.00012416081242102,0.0340567754744533,0.344823136307061,0.0597968368076548,0.0396683412180023,0.0477276356982927,0.28579506893138,0.0334400155155151,0.15456802923522
"AACTCTCAGTGTGCTC-1",9.11864773365642e-05,0.0131457273887024,0.248504082758457,0.0377235292877118,9.11864813284393e-05,0.023141381629318,0.565410895844603,0.100675672149944,0.0112163379825986
"AACTGATATTAGGCCT-1",9.81407998228225e-05,0.00741874916548168,0.00574713504999096,0.019978543071383,9.81407981056232e-05,9.81407981056749e-05,0.324690197008914,0.630861448472981,0.011009504835215
"AACTGGGTCCCGACGT-1",9.58503614589549e-05,9.5850361456726e-05,0.0641525119290369,0.034616513066235,9.58503614567255e-05,0.0277839342799752,0.511324642006932,0.324757631837885,0.0370772157955639
"AACTTCTGCGTCTATC-1",6.44557499636783e-05,0.147375397902441,0.000274582142933812,0.0294077023464609,0.00990173122780003,6.44557499987493e-05,0.658722145140104,0.122440714678822,0.031748815061476
"AACTTGCCCGTATGCA-1",5.01454862938193e-05,5.01454861171927e-05,5.01454861210185e-05,0.000208641902628474,5.01454861171777e-05,5.01454861171821e-05,0.327797712508919,0.671670589289996,7.23288676904227e-05
"AAGACCCAACTGAACA-1",0.000129153753696982,0.000129153755395972,0.149616822326201,0.105865072046402,0.000129153753738729,0.0118062771122182,0.314067373356871,0.418107238018609,0.000149755876867303
"AAGAGGCCCTTTGGAA-1",9.1871610487551e-05,0.0125496962768602,0.0697457183730043,0.0248425667842885,9.18716100556069e-05,9.18716104877839e-05,0.456741435937417,0.435667454388608,0.000177513408791367
"AAGATTGGCGGAACGT-1",0.000101622384253317,0.131902270205862,0.470284149495545,0.130493800760392,0.000101622386239579,0.00511920040692148,0.158876252512285,0.103019459460853,0.000101622387648066
"AAGCCGAAGCGGTTTA-1",4.1432959061358e-05,4.14329607250263e-05,4.14329607250245e-05,4.14329603721437e-05,4.14329607250696e-05,4.14329607250234e-05,0.205490328500709,0.794004786062029,0.00025628767492841
"AAGGGACAGATTCTGT-1",9.30989154851263e-05,0.118712109447022,0.42568011061701,0.163362254589504,9.30989164415378e-05,9.30989149924671e-05,0.00032621703629565,0.235007566233986,0.0566324453292633
"AAGGTATCCTAATATA-1",8.63791330909809e-05,0.362853144077929,0.375130531595297,0.0761988362490643,8.63791347790983e-05,0.0189855454335789,0.000158958921578076,0.166360105794666,0.00014011966001623
"AAGGTGATAAACCAGC-1",9.52789437782629e-05,9.52789437800042e-05,0.0910615967537556,0.0569838338132442,9.52789437799706e-05,0.00836642793587328,0.561406580008574,0.241827824306752,0.0400679003504623
"AAGTCAATTGTCGTCA-1",9.15990964804011e-05,0.0128384679965677,0.193088632803346,0.071416070755701,9.15990964820522e-05,9.1599096482052e-05,0.579585103327666,0.142594500613819,0.000202427213456
"AAGTGAGTCGGGTTTA-1",6.50056325498439e-05,0.00828416669333032,6.50056325654088e-05,0.0114371847069141,6.50056325629041e-05,6.50056325628911e-05,0.472734473811299,0.400301843491549,0.106982308766667
"AAGTGCCTTGACTGTA-1",8.22896111931333e-05,0.446255362716892,0.245815597633176,0.177595835302466,8.22896128284336e-05,0.058653289123748,8.22896128283442e-05,0.0713393890836773,9.36573031905689e-05
"AAGTGCGTTAGAATCT-1",8.76782690912389e-05,0.0444156546427953,0.170827190559792,0.14059944834113,8.76782686400409e-05,8.76782686400565e-05,0.372625028008837,0.251539306627214,0.0197303370138613
"AAGTGTTTGGAGACGG-1",6.75575321283888e-05,6.75575318503953e-05,0.013848708195176,0.00992227059094296,6.75575318503667e-05,0.0109985208438261,0.246165827733787,0.707490334036688,0.0113716660037506
"AAGTTCACTCCAAGCT-1",4.79221955610274e-05,0.0321205389193681,0.795572679809202,0.0728774889674555,8.73684589831558e-05,4.79221947932344e-05,5.91675788090845e-05,0.099106721140478,8.019073534948e-05
"AAGTTCAGTCTGCGTA-1",3.34129775954344e-05,3.34129774430744e-05,3.34129774331139e-05,3.34129774430564e-05,3.34129774430709e-05,3.34129774430721e-05,0.333660425904937,0.665984202650623,0.00015489357963865
"AAGTTCGGCCAACAGG-1",8.21911662952582e-05,0.0455241798041812,0.280874098859683,0.190771866288757,8.2191167377987e-05,0.0171488174227787,0.168305348527251,0.264343765044665,0.0328675417190103
"AATAACACTAGAACAA-1",9.22717493710755e-05,0.0463724743337644,0.0444362159118317,0.0351893383424275,9.227175121543e-05,9.22717512154327e-05,0.571728037522973,0.301879819416129,0.000117299221072792
"AATAATCTTCGTATCG-1",0.00015281131030727,0.000152811310082626,0.0916186737667705,0.000152811310316556,0.0730816262130747,0.0241378684641739,0.288588184347247,0.52196240196771,0.000152811310316571
"AATAGAACAGAGTGGC-1",0.0186092759438742,0.113978187157694,0.0455802580343441,0.0387052106338278,9.1011240549101e-05,9.10112405491018e-05,0.494442720858472,0.288346507722718,0.000155817167972188
"AATAGAATCTGTTTCA-1",9.91518056272843e-05,9.91518056824617e-05,0.00075211987415683,9.9151805682474e-05,9.91518056824722e-05,9.91518056824748e-05,0.757223300042659,0.241244457669781,0.000284363385045921
"AATAGTCGCGAGTCGG-1",8.3892236858908e-05,0.0735650272179627,0.0916611464869359,0.105098421430542,8.38922364767945e-05,8.38922364767989e-05,0.729080801069845,0.000259034848425219,8.38922364768106e-05
"AATATCGAATCAATGC-1",6.56108114425932e-05,0.00765345538887416,0.00110154380658548,0.00832019045556558,6.56108114411352e-05,6.56108114411481e-05,0.320636603870067,0.630865913583645,0.0312254604609383
"AATCTAGGTTTACTTG-1",8.70693366523103e-05,0.171839234623075,8.70693366514937e-05,8.70693366514405e-05,8.7069336651425e-05,0.00916836151340208,0.554055804388914,0.106927711333663,0.157660610794339
"AATCTGGCTTTCTAGT-1",9.25919069818881e-05,9.25919069699246e-05,9.2591906955666e-05,9.25919069699206e-05,9.25919069699145e-05,9.25919069699189e-05,0.495865645967283,0.323750716267447,0.179828086323453
"AATGACAGCAATGTCT-1",0.00660462037503472,0.134974424319649,0.195283943244272,0.134146389635703,0.000182018001191906,0.00018201800119192,0.249845593375007,0.278598374812296,0.000182618235655254
"AATGATGATACGCTAT-1",9.52908397707852e-05,9.52908416822563e-05,0.00124591181997531,0.0114298656614758,0.00526489656996015,0.00753114467650687,0.431109797570297,0.542865398759878,0.000362403260453223
"AATGATGCGACTCCTG-1",8.83232264337082e-05,0.026881591396376,0.286224399082925,0.0359706471901889,0.0396336637657717,8.83232265214129e-05,0.177680547675396,0.433327431339739,0.000105073096648024
"AATTACTCGTACGCTC-1",0.000129877072490361,0.00641521663687666,0.258621410898898,0.115215164098518,0.000129877074150384,0.0143902740710113,0.416190401403095,0.126033003186825,0.0628747755581355
"AATTCATAAGGGATCT-1",9.63607949870056e-05,9.63607968864962e-05,0.0233989720000242,0.0266782570009195,9.63607968865114e-05,9.63607968865103e-05,0.818890143932501,0.13054022646756,0.000106957413348051
"AATTGAACGCTCTGGT-1",9.10469898721513e-05,9.26416559030401e-05,0.158349589331292,0.0252903311310685,9.10469900174513e-05,0.00383991981479228,0.294218566211003,0.454857738594,0.0631691192820514
"AATTTGGGACATAGTA-1",6.11752691156129e-05,0.0134452901767286,0.0499295677374358,0.0824580223216365,6.11752711125894e-05,6.11752711125885e-05,0.550093044133512,0.303356857553949,0.000533692265397101
"AATTTGGTTCCAAAGA-1",9.15529195357674e-05,9.15529195314559e-05,0.0833153218890686,0.038549319443618,9.15529195314518e-05,9.15529195314508e-05,0.730305955717575,0.147369455317185,9.37359544228938e-05
"ACAAATCGCACCGAAT-1",6.12009462004449e-05,0.00804697007343331,6.12009461042419e-05,0.0117564164782813,6.12009461042453e-05,0.0182811647407097,0.516880746748848,0.444545673976034,0.000305425144284523
"ACAACGGTCCCTGCGA-1",6.35902351259496e-05,0.0296688916906756,0.140844345302666,0.022593157244301,6.3590234945921e-05,6.35902349459162e-05,0.659075779489539,0.131577603498821,0.01604945206898
"ACAAGCAGTGCCTAGC-1",8.6573344811007e-05,0.00515481736137892,0.0633487431734455,0.149001414653102,8.65733464517243e-05,8.65733464517381e-05,0.679102594664112,0.0856252984756036,0.0175074116346431
"ACACACCAGGACCAGT-1",5.92496529265438e-05,5.92496527740848e-05,0.170172605518773,0.0387506036956372,0.00401125576174974,0.0614187881077587,0.221743643182848,0.462459503864384,0.0413251005631491
"ACACACTTTCTACACG-1",3.24106702124437e-05,0.0118064870923346,3.24106702172633e-05,3.24106702175479e-05,3.24106702170433e-05,0.00014155463530666,0.310411865190145,0.578158683042301,0.0993517673590491
"ACACATTGACGCAACA-1",4.2601790020741e-05,0.125616260446461,0.554802040335929,0.170664410809602,4.26017887415156e-05,4.26017891711437e-05,0.0556532713575579,0.00262280516688686,0.0905134065156303
"ACACGTAGGCCACAAG-1",9.10626040018394e-05,9.10626033572208e-05,0.0378219169272855,0.0229140665208099,0.0418545716443324,9.10626033572255e-05,0.541719236240583,0.173221287530808,0.182195733325465
"ACACTCCAATGTCACT-1",0.00106123336428314,0.0126982931413376,6.33018435675754e-05,0.00154666099373908,0.00598909265236212,6.3301843567185e-05,0.454210086058393,0.494985355653776,0.0293826744489744
"ACACTGATCAAGGTGT-1",9.4424249634132e-05,9.44242496326892e-05,0.562597876953132,0.0493900709752676,0.0166703565274643,9.44242496326932e-05,0.19789927266233,0.172943906995231,0.000215243137674735
"ACACTGGGACAGTCGT-1",0.000160211910319306,0.00016021191063509,0.0842212890178423,0.000160211910634047,0.000160211910623695,0.000160211910635085,0.659233118737607,0.129155856912233,0.12658867577947
"ACAGAACTGAGAACAA-1",6.70483352242139e-05,0.00229938644788334,6.70483358566624e-05,6.70483358671017e-05,6.70483358666147e-05,0.0109581520062426,0.670001590877203,0.299585541304603,0.0168871360212529
"ACAGCGACATTCTCAT-1",0.000125655217086977,0.00637448292848731,0.120567451871235,0.0480151678423281,0.027750642126795,0.131872130816258,0.281092538994078,0.384076274986646,0.00012565521708708
"ACAGCGCACCCGCAGC-1",0.000143344346481749,0.000143344347085953,0.332332164910753,0.0503570096982373,0.0124201965503495,0.000143344347085952,0.345502272536269,0.258796429086602,0.000161894177135725
"ACAGGCTTGCCCGACT-1",6.54316788955557e-05,6.54316781887912e-05,6.54316781887911e-05,0.00328157790786162,6.54316781888139e-05,0.00900135308363213,0.83172835268647,0.0759697096854997,0.079757279923074
"ACAGGTGGAGGTGAGG-1",9.22857044599074e-05,0.0186910953431716,0.0788246785032511,0.0554991198780534,9.22857039354283e-05,9.22857039354198e-05,0.565964063899335,0.280566851567905,0.00017733369595269
"ACCAACGCTTATTTAT-1",0.00372818494152361,8.60173428554495e-05,0.214504353004758,0.0366865979905641,0.0285559350355639,0.0113293033141204,0.501020899554935,0.20393606813652,0.00015264067915912
"ACCACTGTTCAAGAAG-1",6.75576783980198e-05,6.75576777897963e-05,6.75576778039671e-05,6.75576777901307e-05,6.7557677789807e-05,6.75576777897989e-05,0.212868695134785,0.657113545618886,0.129612413178968
"ACCAGTGCGGGAGACG-1",0.000107264806601262,0.00010726480734553,0.000107264807345535,0.000107264807346456,0.000107264807345563,0.000107264807345533,0.444231108650686,0.494582104557247,0.0605431979487372
"ACCCATTTGTCCCTCT-1",6.82007369254548e-05,0.0118996797970941,0.30467515439206,0.0202899231035042,6.82007366099215e-05,0.00768232278767997,0.100331584470585,0.554835588877545,0.000149345097995987
"ACCCGAGCGAAATTAC-1",4.64936857728533e-05,0.00612757660744583,4.64936856691909e-05,0.00484555373244299,4.64936856285048e-05,0.0186995542204383,0.662002697735005,0.232547442292634,0.0756376943549624
"ACCCGTGTCATCAGTA-1",0.0022924330761078,0.0212103026936322,0.168182628169853,0.0387736654651003,8.89546645868625e-05,0.0147030399478155,0.280797059412408,0.473606224364227,0.000345692206268306
"ACCCTATAGGACTGAG-1",8.89082846363808e-05,0.284068051303959,0.499117834806975,0.177134552026935,8.8908286402433e-05,0.0109910495391785,9.03867060713282e-05,0.0282657235764849,0.000154585469358709
"ACCCTATGCCATATCG-1",8.83519176663822e-05,0.127999662962709,8.83519203029615e-05,0.0072194999333848,8.83519176590485e-05,8.83519176590444e-05,0.864229973809497,9.1041668550479e-05,0.000106413952571838
"ACCCTCCCTTGCTATT-1",6.33612169737618e-05,6.33612169762926e-05,6.33612169746227e-05,0.010624411877391,6.33612169762854e-05,6.33612169762929e-05,0.58389734292331,0.386570860891412,0.0185905782230106
"ACCCTTCATCTGCGAA-1",6.28947505688575e-05,0.0158756401633507,6.28947505746156e-05,0.0140041390877495,6.28947505746152e-05,6.28947505746157e-05,0.665631129380875,0.198057554606451,0.106179957759281
"ACCGATAGGCATAACC-1",0.000107853429191145,0.000107853428463483,0.0482869587601836,0.000107853428463206,0.000107853429991493,0.000107853428399661,0.669194677697349,0.273852817385647,0.00812627901231193
"ACCGATATTTAATCAT-1",0.000122010520093206,0.119394841144228,0.000122010520093201,0.00012201052009321,0.000122010520155343,0.0388115863266224,0.414960127013141,0.193129911250175,0.233215492185399
"ACCGCAATAACTGCCT-1",9.70245498205728e-05,9.70245505644853e-05,0.00823553837620693,0.00333811111219579,9.70245505644848e-05,9.70245505644881e-05,0.153564771994734,0.740070776966238,0.0944027033491121
"ACCGCGGTGGAAGTCG-1",9.06115766245624e-05,0.214471717679216,0.45410322900252,0.16725754757365,9.06115777634474e-05,0.0186670844298686,9.06115761647842e-05,0.0754391143208571,0.0697894722633356
"ACCGGGCCTTTGTTGA-1",0.000141354826160905,0.000141787383567213,0.0495217169338174,0.144043135966101,0.000141354825904702,0.00834860967986595,0.640891044234576,0.156566462294632,0.000204533855374574
"ACCGTGACCACGTGGG-1",4.64708054906306e-05,0.00314852170584492,4.64708076374124e-05,4.64708075278591e-05,4.64708075348512e-05,4.64708075345411e-05,0.598920445191273,0.279791958732765,0.117906720334392
"ACCTAAGTACCTTTCA-1",6.40360262914306e-05,6.40360261538496e-05,0.0520211165601346,0.056027500888786,6.40360261538491e-05,0.0107726694014306,0.428862462300654,0.426648133742235,0.0254760090281611
"ACCTGCGTGTCATGTT-1",0.000145495604133999,0.184197781505079,0.414611471796551,0.253420185795599,0.108944085329136,0.0382444931573233,0.000145495604077731,0.000145495604022045,0.000145495604077737
"ACGACTGGTCATACTC-1",0.018648230213904,8.70994250154147e-05,0.772969989853494,0.0363579238559238,3.21319598261027e-05,0.0391781974000997,0.102771992643884,0.0299223026880718,3.21319597807292e-05
"ACGAGGATACCACTCT-1",6.29481739769739e-05,6.29481760368295e-05,0.0657336995286314,0.00409727604718944,6.29481760368286e-05,6.29481760368278e-05,0.786165891307748,0.0807719958123386,0.0629793446020052
"ACGATACATAGAACTA-1",9.33611053536807e-05,9.33611060206304e-05,0.0580237029847331,0.00523564664227916,9.3361106020596e-05,0.00736518641544256,0.500304986428932,0.428641288917651,0.000149105293567926
"ACGATGGATCCGATGC-1",5.94709342239815e-05,0.000129149214498374,0.941908940727697,0.0112787390174595,0.0187710816885298,5.94709330407771e-05,0.000247336598481467,0.0274863399530283,5.9470933040778e-05
"ACGCAAACTAATAGAT-1",4.83916268615698e-05,4.83916266757139e-05,4.83916266745631e-05,0.0112173692261504,4.83916266760159e-05,4.83916266757046e-05,0.356420270538524,0.531582585903164,0.100537816198598
"ACGGAATTTAGCAAAT-1",3.77243845816225e-05,0.067446797169959,0.494833793492007,0.266213671034494,3.77243888705055e-05,0.0129133550744155,0.0637710333944214,0.0947071854613595,3.87155998911604e-05
"ACGGAGCGCAAATTAC-1",0.0142831579821931,0.168575878398298,0.238041564168898,0.0182695526396221,0.000203929625313714,0.000203929625313707,0.350216816716455,0.210001241218593,0.000203929625313712
"ACGGCGACGATGGGAA-1",4.31460038190156e-05,0.027524383121597,0.677430418183139,0.102878662924577,4.31460029215611e-05,0.129533741181151,0.000290717583678352,0.0622126389954551,4.31460036617901e-05
"ACGGGAGTGTCGGCCC-1",0.000131434049757913,0.0882530176004746,0.289656442490892,0.150334246748195,0.000131434048983931,0.00382664898950338,0.000143701838457374,0.467266392175695,0.000256682058040545
"ACGTGCGCCTCGTGCA-1",9.07839897735591e-05,9.07839897760359e-05,0.227424668622156,0.0490651112507668,9.07839897760784e-05,9.07839897760355e-05,0.394765953067553,0.30788518838813,0.0204959427122931
"ACTAGTTGCGATCGTC-1",0.000229181606799568,0.000229181606799471,0.000229181606799533,0.156238251635429,0.000229181607084862,0.0282385822965084,0.604476751897464,0.11261173600314,0.0975179517399746
"ACTCCAATATCATCAT-1",8.815257155501e-05,8.81525715531018e-05,8.81525715530939e-05,0.0374672919995497,8.81525715530945e-05,8.81525715530951e-05,0.370307766287866,0.506037823363111,0.0857463554917066
"ACTCCCATTCCTAAAG-1",8.86912223161455e-05,0.469142518322832,0.406853263030864,0.0682323569240321,8.86912240621998e-05,0.000111318370783374,0.000135055236946271,0.0552594144441158,8.86912240483873e-05
"ACTCGTAACCCGTCCT-1",0.000114309774603128,0.38061329535626,0.155452739661755,0.138258810633205,0.012741658363661,0.000114309776058972,0.111143770323639,0.168619148124717,0.0329419579861009
"ACTGAAACGCCGTTAG-1",0.00015397365628886,0.0306137960771794,0.00257956242817831,0.00111626495690569,0.000153973656211714,0.000153973656211716,0.589701238364125,0.37524757109723,0.000279646107668918
"ACTGAATGGCGAAAGT-1",0.000130109914966598,0.00721632781686993,0.0407826110777006,0.0543864295625302,0.00013010991551217,0.0282982019243352,0.392709272062293,0.476196262323615,0.000150675402177695
"ACTTATTTATGTGCCA-1",0.000212896898005809,0.0239877348022546,0.170776937604301,0.103373778335654,0.000212896897632153,0.00438756155703018,0.498010491876602,0.16838402230759,0.0306536797209305
"ACTTCAGGCTGATCCC-1",3.12426718988074e-05,3.12426723391175e-05,3.12426723360001e-05,0.00217792814940076,3.1242672339117e-05,0.00921165779292886,0.29839212968227,0.597152410607989,0.0929409030784976
"ACTTTGTCGACGCACT-1",0.000100517419361521,0.0448103891217719,0.0228521697359822,0.000100517419018313,0.000100517418818516,0.00010051741901831,0.782425224017147,0.0970962230566169,0.0524139243922655
"AGAAATTATGACTCGC-1",8.06387812686592e-05,8.06387791512799e-05,0.0196811195640007,8.06387812526831e-05,8.06387817334575e-05,8.06387812556974e-05,0.202633516359762,0.777186801602511,9.53685690639708e-05
"AGAAGGTACACTTCAC-1",9.81330621618072e-05,0.0160859583530004,9.81330621567418e-05,0.0116117328798321,9.81330621567383e-05,9.81330621567432e-05,0.387311622925726,0.447148646646048,0.137449506946761
"AGAAGTGATTCGTGAT-1",4.06602802347351e-05,4.41203461360892e-05,0.561517089107512,0.0944737642323326,4.06602835538958e-05,4.0660283829304e-05,0.0464269610923318,0.297361436500519,5.46478735508368e-05
"AGAATTGTTTGACATA-1",0.000132585257318546,0.014762404513686,0.280254560340316,0.0976662340725593,0.000132585256765029,0.000132585256765039,0.442848635351194,0.163937824694631,0.000132585256765039
"AGACAGCTCAGAATCC-1",9.39071066776364e-05,0.00488504409032818,9.39071070507246e-05,0.00468580117891764,9.39071070982014e-05,9.39071070982018e-05,0.780224245065822,0.119992637723929,0.0898366435130788
"AGACAGGCATCTCAGC-1",9.76548413105374e-05,0.0851604039473738,0.31189029003546,0.0352125224091446,9.76548404629976e-05,9.76548408612774e-05,0.0970261184382785,0.470276090453378,0.000141610193730431
"AGACCATGGGATACAA-1",6.7086309325919e-05,6.70863075975005e-05,6.70863075788956e-05,6.70863075978976e-05,6.70863075974854e-05,6.70863075974613e-05,0.494037909248283,0.477508921764805,0.0280506511396168
"AGACCGCTCCGCGGTT-1",0.000108180503260271,0.000108180503278008,0.000108180503278103,0.0364488564009093,0.00010818050396153,0.000108180503278005,0.0468867674991996,0.515883109770163,0.400240363812672
"AGACGAAGTGCCGGTC-1",9.92363585735866e-05,9.92363607544337e-05,9.92363607551119e-05,9.92363607544027e-05,9.92363607543529e-05,9.92363607544386e-05,0.687417793695726,0.311740813000563,0.000245975141364884
"AGACGACGATGCCGCT-1",4.69430274195845e-05,0.024571181593683,4.69430281903025e-05,0.00229189975344403,4.69430273761254e-05,4.69430273761244e-05,0.739402647465632,0.233378372852125,0.00016812622475412
"AGACTGTTACCGGGTC-1",3.33948725940677e-05,3.33948735329235e-05,3.33948735348967e-05,3.33948735333376e-05,3.33948735329408e-05,3.3394873532943e-05,0.379028596038587,0.580923671725716,0.0398473629954359
"AGAGAACCGTCTAGGA-1",6.68732140355367e-05,0.0744867116249077,0.479468028380173,0.0889296656281282,6.68732162369039e-05,0.0446199352550346,0.157312521302361,0.154980977317227,6.84140618960514e-05
"AGAGCAGTTATGAGAC-1",6.37767230163799e-05,0.0108706011740447,0.475181775549681,0.249983986429539,6.37767274367393e-05,6.37767274367191e-05,0.259562995487662,6.37767274367192e-05,0.00414553445374584
"AGAGCCGCCGAGATTT-1",9.40505553146899e-05,9.4050555636783e-05,0.12417609407411,9.40505556367398e-05,9.40505542313706e-05,9.40505556367398e-05,0.477810110342815,0.397419564932908,0.000123977873710188
"AGAGCGGGCTAATCAT-1",4.79668851551861e-05,4.79668862016493e-05,4.79668861981786e-05,4.79668862006296e-05,4.7966886201634e-05,0.00156440588732294,0.210746368843477,0.735607840822179,0.0518415500170636
"AGAGCGTACAAGCTCG-1",8.54350325690696e-05,0.264565757929594,8.5435032581412e-05,8.54350325814109e-05,8.54350325814063e-05,8.54350325814108e-05,0.56183938241863,0.108188191209564,0.064979493279318
"AGAGCTACGAAAGCAT-1",7.66193804992509e-05,0.203237534798971,0.279412062678493,0.195139438816104,7.73516157874752e-05,8.72407286724166e-05,0.0798145724873919,0.242078560113185,7.66193808961764e-05
"AGAGTAAACTTCACTA-1",5.79072673622214e-05,0.0607672803598345,0.0869361734574248,0.0415804207352872,5.79072673624773e-05,5.79072673624812e-05,0.510482423952533,0.167746606860202,0.132313372832632
"AGATACTCAAGATCGA-1",0.00916397378241504,0.0337094202263659,0.132227194715095,0.0202024689123256,0.0181896319513192,0.000129296381239323,0.41845548094947,0.367780919928554,0.000141613153216233
"AGATCGTGCATAAGAT-1",9.43182555072854e-05,9.43182555103394e-05,9.43182555103396e-05,0.0142801404746291,9.43182555103394e-05,0.0386650810982004,0.68603031315783,0.260324112947165,0.000323079300136745
"AGATGAGGGTTGCGAT-1",2.87738060826139e-05,0.0729713009296395,0.542317872828291,0.050962536502155,0.000738002878000694,2.87738060597256e-05,0.0789638849204602,0.253960080523251,2.8773806059704e-05
"AGATGCTATAACGAGC-1",9.2506951681547e-05,0.0356023255155648,9.25069516757065e-05,0.00106873223897317,9.25069516757053e-05,9.25069516757054e-05,0.277703979145446,0.575240939294925,0.110013995998382
"AGCACTACCTCACCAG-1",9.04618941264273e-05,9.04618958587782e-05,9.04618958587787e-05,0.0539327369467251,9.04618958587865e-05,9.04618958587792e-05,0.326575506985561,0.535938843649646,0.0831006029405069
"AGCCACTCCCGTGCTT-1",6.05204915709074e-05,0.0385238818671255,0.097184176021021,0.0250875136622336,6.0520493604785e-05,6.05204936048078e-05,0.681074640409403,0.109053124449457,0.0488951021119792
"AGCCCGGTAGCCTGTA-1",9.08984509979241e-05,0.0274134183486067,9.08984509965776e-05,0.0188860982559367,9.08984510010846e-05,0.0360165266443438,0.476735512764194,0.37824744805542,0.0624283005785034
"AGCCCTAAGCGAAGTT-1",6.57475251637176e-05,0.0206484433887817,6.5747527282234e-05,0.00758439948342333,6.57475272822323e-05,6.57475272822355e-05,0.497760390369161,0.459077622121902,0.0146661545297217
"AGCCCTTCTAATCCGA-1",0.000135612618885332,0.000135612622986504,0.230946976284691,0.145306539060325,0.000135612622986496,0.000135612622986507,0.254331343786835,0.368448945948946,0.000423744431357386
"AGCCGCTTGATTAGCG-1",3.35738792155529e-05,0.0103362540521943,3.3573879644448e-05,0.0145060187104645,3.35738796453848e-05,3.35738796440898e-05,0.424817614509781,0.430684501234597,0.119521315974815
"AGCCGTGGCTAAATGT-1",6.65011223344896e-05,0.0267563819713669,6.65011222473418e-05,0.0428728722573705,6.65011222473409e-05,6.65011222473398e-05,0.383365967482433,0.430408676892792,0.116330096906961
"AGCCTAATACCCACGT-1",9.40366201818508e-05,9.40366197051689e-05,9.40366197018105e-05,9.40366197051669e-05,9.40366197051906e-05,9.40366197051668e-05,0.215726689195438,0.63788855292059,0.145820538165268
"AGCGACAGGAACGGTC-1",8.96741159451037e-05,0.0124326431800133,0.0120725442710447,0.0386226602241406,8.96741155102718e-05,8.96741155102721e-05,0.619696810361118,0.316638177864111,0.000268141752607284
"AGCGCATAATGAATCG-1",8.43608118537382e-05,0.0903264731640553,0.146944207727964,0.0183100946656254,0.0135757164531333,0.0624127464314782,0.214906170713237,0.438414833311259,0.0150253967213947
"AGCGCGGGTGCCAATG-1",0.000126049958955239,0.122653909211992,0.262121704558,0.0840121551996256,0.0126957435930825,0.000126049958390805,0.350187341444086,0.167829847071482,0.000247199004386178
"AGCTAACAAGCAATGT-1",4.86292837626704e-05,0.00812044535822898,4.86292837993891e-05,0.00170820301914907,4.86292837669991e-05,4.86292837694418e-05,0.793438802651746,0.196389178935918,0.000148852899859511
"AGCTAGAAGCAGAAGT-1",6.01332202825956e-05,6.01332202877276e-05,0.0251438649438889,0.00556715183195138,0.012815876783239,0.0384425049478444,0.549160121950686,0.364102052940925,0.00464816016089551
"AGCTCCATATATGTTC-1",9.2919287483045e-05,0.113055360328441,0.117302963200683,9.29192880863344e-05,9.29192880760164e-05,9.29192880885568e-05,0.311751895904633,0.343493378394543,0.114024725019965
"AGCTCCTTCGCACATC-1",5.93459650165595e-05,0.0147680999489842,0.0146344926398384,0.0387564246171735,5.93459648721953e-05,0.040089806468835,0.603671808380883,0.258610782780516,0.0293498932338818
"AGCTGAAGTAAACCAA-1",0.000106362560655563,0.0587077002788636,0.000106362560220707,0.0170075261777724,0.000106362560220736,0.0200335639616549,0.903640469404821,0.000165464028820981,0.00012618846697027
"AGGACGCTCGATGTTG-1",6.31086430326227e-05,6.31086429396557e-05,6.3108642939656e-05,0.0687968586474902,6.31086429396537e-05,0.00296393026185763,0.71242287206535,0.197065823226607,0.0184980812268427
"AGGATATAGGGATTTA-1",9.51484831470589e-05,9.51484826936458e-05,0.0743324502614865,0.0525063524960431,9.51484826936287e-05,9.51484826936452e-05,0.674442110667839,0.198240333074258,9.81595691456154e-05
"AGGCACGTGACTGTCC-1",9.6415469339172e-05,9.64154693390973e-05,9.64154693390872e-05,0.050278403350337,9.64154688831961e-05,0.0336008409034369,0.644806290899791,0.270832387500195,9.64154693390742e-05
"AGGCAGATGCGTAAAC-1",6.16685009307947e-05,0.0519652355280855,0.826327211761065,0.0723987570738993,6.16685001442072e-05,6.16685007424121e-05,8.3019065778034e-05,0.0489333940990265,0.000107376970328652
"AGGCAGGGAGCGTACT-1",9.69992396846971e-05,0.0122525677001004,9.69992396792865e-05,0.009390055870295,9.69992396792703e-05,9.6999239679287e-05,0.636113885647646,0.294731793445142,0.0471237003780932
"AGGCATTGTCGTAGGG-1",0.000107218228779023,0.000107218229605769,0.000107218229605781,0.000107218229605798,0.000107218229512513,0.0594680564482953,0.241032780720048,0.698809506051273,0.000153565633275028
"AGGCCCTAGAACGCCA-1",0.000128164997857849,0.289925198043866,0.380921792913065,0.232668178330381,0.000129403101337245,0.0156355905438367,0.00012816499837823,0.0529051949140674,0.0275583121572104
"AGGCGATAACTGGCGT-1",6.22741288496822e-05,6.22741286265287e-05,0.000291594339973152,0.0602945302452266,6.22741278376695e-05,6.22741286265386e-05,0.621028326690052,0.317952458737191,0.000183993473616558
"AGGCGGTTTGTCCCGC-1",0.0415597293618669,9.19663311454467e-05,9.19663311454171e-05,0.0138401951589969,9.19663311454469e-05,0.0502280706227888,0.59840375181671,0.255710343252757,0.0399820107934432
"AGGCTATGGTTAGCTT-1",3.54704722759271e-05,0.0108272742422218,3.54704885806927e-05,3.54704729786943e-05,3.54704729770741e-05,3.5470472977074e-05,0.200287959881794,0.614886815231117,0.173820598265077
"AGGCTTCCCGAAGAAG-1",0.0330446181982547,0.286738716868366,0.101957253582055,0.145489977647495,0.00016581781656386,0.0450546507238169,0.170275115512329,0.206455738273005,0.0108181113781146
"AGGCTTGCTAGACACC-1",8.48819385895532e-05,0.124877241897972,8.48819390902763e-05,0.0516491032532722,8.48819391094104e-05,0.0153529181588329,0.807661538688062,8.48819391094287e-05,0.000119670245962097
"AGGGAAACGAGGTACT-1",9.50120189748389e-05,9.50120189729723e-05,9.50120189729822e-05,9.50120189729835e-05,9.50120189729759e-05,9.5012018972982e-05,0.289235429820708,0.662590321385557,0.0476041766798945
"AGGGACTCTACGCGAC-1",0.000124595973889802,0.202090092082942,0.0605402602952219,0.0593506779460628,0.000124595971159176,0.0173971623603231,0.281045031931012,0.379188383021646,0.000139200417743339
"AGGGCGAGCAGCTGAT-1",0.00026976841583352,0.283683786870187,0.457513608819561,0.149412017586327,0.0623055514078523,0.046005961648683,0.000269768417230228,0.000269768417097143,0.000269768417228574
"AGGTACGATATTGCCA-1",6.38589959461934e-05,6.38589981990118e-05,6.38589981994406e-05,0.00256392152107657,6.38589977438247e-05,6.38589981990103e-05,0.0512741940672699,0.867838593350095,0.078003996073271
"AGGTAGATCGAGATAT-1",9.21820963579444e-05,9.21820963433064e-05,0.400116113006823,0.00466204958208204,9.21820962862668e-05,9.21820963433073e-05,0.419378077449792,0.000139920834313521,0.175335110741658
"AGGTCAGGTGAGAGTG-1",0.000120727652678411,0.142925394334495,0.73945497653203,0.098802802220495,0.000120727654559876,0.0182101567071462,0.00012375958855808,0.000120727655018779,0.000120727655018772
"AGGTTGAGGCACGCTT-1",0.000131713814350544,0.0257125813770378,0.155715656762707,0.171016355260266,0.000131713814167064,0.00013171381439537,0.11650269093065,0.397408099254007,0.133249474972419
"AGTAATGTCTTGCCGC-1",9.26771543785588e-05,0.0253090587062345,0.407922306363977,0.414120099359783,0.00303438121393759,9.96351500312341e-05,9.26771541369907e-05,0.149236487743384,9.26771541369999e-05
"AGTACGGGCACCTGGC-1",9.06627189892423e-05,0.0859472340104482,0.423645075307992,0.0875879681289151,9.06627205137927e-05,9.06627208701633e-05,0.31036418227852,0.0807878232871212,0.0113957288266303
"AGTACTCTTATGCCCA-1",8.24600758748255e-05,9.52198396180619e-05,0.216591371168717,0.0334698138754183,8.24600749459746e-05,0.0547826836399623,0.243523536877867,0.28073833578817,0.170634118659426
"AGTAGGAAGGAAGTTG-1",4.60547086278594e-05,4.60547131177752e-05,4.60547131092709e-05,4.60547131177671e-05,4.60547129909986e-05,0.000588398966583115,0.0316350404639016,0.967500232295434,4.60547131177756e-05
"AGTATTTGGCACGACC-1",1.67052163512513e-05,1.67052162737497e-05,1.67052162712332e-05,1.67052162726221e-05,1.67052162435454e-05,1.67052162737519e-05,0.195310361169593,0.76720881719417,0.0373805903385508
"AGTCAAGATGACACTT-1",6.7581355909646e-05,6.75813565487051e-05,6.75813565490136e-05,6.75813565485963e-05,6.7581356548603e-05,0.000400321242366697,0.554241407326066,0.444761799869776,0.000258564779686523
"AGTCAGCCACCGCCTG-1",5.52701997459409e-05,0.012155283595207,0.365547920967217,0.130402306573019,5.52701996253344e-05,0.0158726843820842,0.408598065913943,0.0672250107600344,8.81874091240461e-05
"AGTCGGCTCAACTTTA-1",6.39940600961364e-05,0.0682075525482947,0.46395024732982,0.0489678672830242,6.39940610321486e-05,6.39940610857102e-05,0.175945974230258,0.242619348884035,0.000117027542354169
"AGTCGTCGACCACCAA-1",6.27425317931899e-05,6.48826630574077e-05,0.109458920205027,6.27425317954139e-05,6.27425317892123e-05,0.117176023378727,0.238588426438023,0.5102878914319,0.0242356282878878
"AGTCGTGGGCATTACG-1",4.7415158400357e-05,4.74151582504735e-05,4.7415158250474e-05,0.0103158036057532,4.74151582504735e-05,4.74151582504726e-05,0.460524406906231,0.525273059694661,0.00364965400195224
"AGTCTGGACATCCTTG-1",6.90268082451308e-05,0.0820601134889403,6.90268081130893e-05,0.00692236689032807,6.90268081105466e-05,6.90268081107132e-05,0.482708946885013,0.311310292856404,0.116722172646735
"AGTGAACAAACTTCTC-1",9.36973743918002e-05,9.36973739317133e-05,0.3188803412445,0.107562021979919,9.36973739317843e-05,0.00468416525158632,0.557749016403361,0.0107220020357604,0.000121360962618933
"AGTGATAACCTGCGCG-1",3.90878921976914e-05,3.90878920732659e-05,0.484736682715438,0.0872866038062479,0.0404975903135344,3.9087892073268e-05,0.289120186775537,0.098076162537031,0.000165510175866917
"AGTGGCGGCAATTTGA-1",0.000137083190125454,0.000137083189554812,0.304926141242345,0.0970658522236729,0.00013708318955481,0.000137083189554806,0.354368357567447,0.242842813544575,0.000248502663169006
"AGTGTATTGCGCATTG-1",8.86532299953961e-05,0.0987194037672234,0.00612106589103011,0.0658318679332452,8.86532295748354e-05,8.86532295748368e-05,0.561718517751522,0.25306797473543,0.0142752102324046
"AGTGTGCTAAGATCGC-1",8.60272316807068e-05,0.176854688921982,8.60272323188243e-05,0.0287481362087357,8.60272323188294e-05,0.0116210634448458,0.760855212449141,0.000119853626177306,0.0215429636527995
"AGTTAAGTCAACCGCT-1",5.59460092837562e-06,5.59460324311641e-06,5.59460324454296e-06,5.59460324571967e-06,5.59460324319527e-06,5.59460324313453e-06,0.236630148695904,0.708789296525785,0.054546987161163
"AGTTACCGCACATGGT-1",8.34605690252556e-05,0.00776829964640712,0.123852893727942,0.248955386380074,8.34605686256871e-05,0.0057024833487379,0.613335384865574,9.25508118592368e-05,0.000126080081754371
"AGTTACTCTATCGTGG-1",9.13218581144977e-05,0.126737342374375,9.13218581346996e-05,0.0344391180197133,0.00167446889922752,9.13218581347025e-05,0.677094265742986,0.15965074928652,0.000130090102795071
"AGTTCACCGGTTGGAC-1",6.55224254719339e-05,6.55224241697729e-05,6.55224241870118e-05,6.55224241697729e-05,6.55224241697695e-05,6.5522424169772e-05,0.688764435790801,0.295418308053145,0.0154241216097163
