"","B_cells","Endothelial_cells","Fibroblasts","Macrophages_and_MDSCs","Mast_cells","NK_and_T_cells","SMCs_Fibroblasts_Hybrids","SMCs_maintype","SMCs_subtype"
"AAACCGGGTAGGTACC-1",0.000159946508724325,0.000159946510756036,0.0101185942792753,0.1759418730684,0.00756220063449835,0.0644164133165716,0.633666316211159,0.107814762959859,0.000159946510756106
"AAACCTCATGAAGTTG-1",6.8893907073467e-05,6.88938996406201e-05,0.0859795643784357,0.603471852406563,0.000107379723316448,0.106252418599017,0.203913209286673,6.88938996406216e-05,6.88938996406117e-05
"AAACGAGACGGTTGAT-1",0.000173534962927824,0.000173534962933343,0.000173534962933347,0.00649717147738132,0.000173534962933346,0.000173534962933346,0.622766099506105,0.369660759163242,0.000208295038610346
"AAACTGCTGGCTCCAA-1",0.000237058835868943,0.000237058835721257,0.272596254200377,0.301064340886356,0.000237058835714355,0.000237058835721264,0.243491504468634,0.181662606265885,0.000237058835721384
"AAAGACTGGGCGCTTT-1",0.000754122687718111,0.0207856325764935,6.66228236064156e-05,0.0697956134178825,6.66228252523541e-05,6.66228236064032e-05,0.90811938681784,0.000197980671670816,0.000147395355929381
"AAAGGGATGTAGCAAG-1",0.00690345773022088,0.0586267243777117,9.93908746757104e-05,0.151188441016976,9.9390874597391e-05,9.93908746757037e-05,0.719687339420496,0.0348344636503395,0.0284614011803077
"AAAGGGCAGCTTGAAT-1",0.00014408131796485,0.0222595794006325,0.0160726883382919,0.186118140077518,0.00014408131767247,0.00014408131826022,0.77472488443703,0.000153318497708539,0.000239145294921507
"AAAGTCGACCCTCAGT-1",0.000107744928794029,0.000107744931069957,0.0873442627011476,0.0499097842666439,0.000107744931114875,0.000107744931069961,0.751079022592716,0.110967355322429,0.000268595395015317
"AAATACCTATAAGCAT-1",0.000150633911496922,0.000150633911869853,0.000234811906679904,0.132106734064841,0.000150633910907546,0.000150633911869847,0.60399154945227,0.000233168131183997,0.262831200798881
"AAATCGTGTACCACAA-1",7.70963791883289e-05,7.70963791206619e-05,0.068447750493882,0.209428285370328,7.70963790299476e-05,7.70963791206953e-05,0.371131475898331,0.000108090474714913,0.350576012246285
"AAATGCTCGTTACGTT-1",0.000125715456722098,0.000125715456956238,0.000125715456927355,0.129328399091755,0.000125715457181425,0.000125715456787302,0.188366895546974,0.262993875093455,0.418682252983242
"AAATTACCTATCGATG-1",0.000152501747977916,0.000152501747978583,0.00344444460706789,0.0637917456430731,0.000152501748023592,0.0227546115165109,0.495002497667492,0.0596150024671525,0.354934192854723
"AAATTTGCGGGTGTGG-1",9.15164712501403e-05,9.15164712850878e-05,9.15164712850882e-05,0.212043699976385,9.15164710909012e-05,9.15164712850656e-05,0.466648148465989,0.320646052492975,0.000204516708455411
"AACAATTACTCTACGC-1",9.62059902647628e-05,0.00740999436945631,0.0383267788868356,0.849287763431637,0.00842122013769766,0.0214323196545608,0.0301156465674199,4.56263782377219e-05,0.0448644445838898
"AACAGGAAATCGAATA-1",0.000100594208489701,0.000279073711982176,0.224831558119725,0.0851050446885883,0.000100594208608037,0.000100594208489691,0.689055939347403,0.000214768572875636,0.000211832933839618
"AACCAAGACTTCTCTG-1",0.0095807379476813,0.0560511137345562,0.0524218912052292,0.517977669909833,0.000127668512293093,0.195717258327394,0.167938553115524,9.25536237447191e-05,9.25536237447177e-05
"AACCCAGAGACGGAGA-1",8.81314609084084e-05,8.81314610447067e-05,0.0153362143872874,0.103480953659952,8.81314610017737e-05,8.81314610447496e-05,0.389807175012583,0.235949551703583,0.255073579392595
"AACCGAGCTTGGTCAT-1",6.81297021278505e-05,0.0349964839095976,6.81297009253593e-05,0.0725894285100314,6.81297019906187e-05,6.81297009253676e-05,0.891602448016714,0.000176820040108582,0.000362300717579113
"AACGATATGTCAACTG-1",0.0245003541712117,0.166958370105684,0.0511391887130115,0.120701204203675,9.23825939368796e-05,9.23825939565948e-05,0.635982346134859,9.84532330054848e-05,0.000435318250660255
"AACGCGGTCTCCAGCC-1",6.30404811557798e-05,0.00307842864569648,7.31592002867281e-05,0.123395352917612,6.30404760518754e-05,0.000601227641609468,0.84641249756691,6.30404776087168e-05,0.026250212593069
"AACGGCCATCTCCGGT-1",0.000241968118545223,0.000241968118501779,0.152064837097067,0.177297572943476,0.000241968117104658,0.00886948284579843,0.476781627587423,0.000265488110051221,0.183995087062032
"AACGTACTGTGGGTAC-1",9.38928792178779e-05,0.106191053255966,0.00356447308448335,0.169182165736767,9.38928792941675e-05,0.0293522067001759,0.69125950648953,0.00016891609533665,9.38928792291806e-05
"AACGTCAGACTAGTGG-1",0.000128623135938135,0.147080692235943,0.000128623137600189,0.194649590863878,0.000128623136468432,0.0211335005958238,0.63628871826917,0.000246414167889013,0.000215214457289533
"AACGTTATCAGCACCT-1",8.38100377960367e-05,0.0276345632482444,8.38100377299579e-05,0.0728587514797649,0.229600761611607,8.38100377299684e-05,0.460010465631587,0.124820455322925,0.0848235725926164
"AACTCTCAATAGAGCG-1",0.000294795860796235,0.000294795860257768,0.000294795860257769,0.490489941703944,0.000294795860333308,0.0378208453221506,0.441556387560444,0.0131124668084431,0.0158411751633728
"AACTGGGTCCCGACGT-1",0.000118900314341144,0.295863546088458,0.0402308874407219,0.185943654549039,0.0503331503105571,0.000118900314331924,0.292890464343425,0.0569981927089076,0.0775023039302184
"AACTTCTGCGTCTATC-1",0.000132657224464355,0.000132657224464714,0.000132657224464711,0.148013356738926,0.000132657224236192,0.000132657224402626,0.000132657224464717,0.368887292089073,0.482303407825503
"AACTTTACGGGAGCTT-1",0.000120291637353681,0.000120291637319637,0.000120291637353715,0.13917976188081,0.000120291637137879,0.209461282052876,0.558116899245446,0.0925951587803299,0.00016573149137304
"AAGAGGATGTACGCGA-1",9.86515157535177e-05,9.86515176865732e-05,0.14048629538369,0.656583942341391,0.000184067720531891,9.86515176865764e-05,0.202252436967887,9.86515176865686e-05,9.86515176865601e-05
"AAGAGGCATGGATCGC-1",0.0231039804140454,0.000307439430316437,0.000307439430316435,0.0395548229333142,0.000307439430316435,0.000307439430316434,0.453614496480449,0.482189503020609,0.000307439430316441
"AAGATTGGCGGAACGT-1",0.00011313983099234,0.0602890281654692,0.000113139830991093,0.0344654292034414,0.0661050018034479,0.000113139830991078,0.82570942638367,0.0129785551200059,0.000113139830990991
"AAGCATACTCTCCTGA-1",0.000414054565771661,0.075764092691541,0.151418589356367,0.113841292267912,0.0825198248052737,0.120169041537224,0.223413670288123,0.232045379922016,0.000414054565771661
"AAGGCGCGTAAAGCTT-1",8.82024717568989e-05,0.0681017837327268,0.0103575619022794,0.211817113137345,0.0118169165103506,0.00848660490006749,0.646254249643524,8.85019130566374e-05,0.0429890657888935
"AAGGGACAGATTCTGT-1",7.00481307048636e-05,0.00239789718643707,8.60090458382543e-05,0.047666853625639,7.00481308815439e-05,7.00481307041321e-05,0.772070786671131,8.57456387355097e-05,0.177482563439929
"AAGTAGAAGACCGGGT-1",9.12696897843239e-05,9.12696915806325e-05,9.12696915806335e-05,0.0121794612564921,0.0102697344614698,9.12696915806335e-05,0.44319554506354,0.333532226880324,0.200457953573648
"AAGTGACGACCGAATT-1",0.000146425336865689,0.0350202099128088,0.000146425337544479,0.421996154543984,0.00014642533720017,0.0626467461957966,0.479604762660711,0.000146425337544498,0.000146425337544476
"AAGTTCGGCCAACAGG-1",0.0437365462104241,0.0992411266119016,0.000222194199916322,0.258187193300521,0.000222194200084742,0.000222194199916278,0.440580677485807,0.121511211850594,0.0360766619408346
"AATAACAACGCTCGGC-1",0.0267089540437531,0.0212337327203811,0.075043494801907,0.527892854001246,0.0256967045975183,0.0663216029303963,0.256813623995091,0.000144516454853337,0.000144516454853347
"AATATTGGAGTATTGA-1",0.0427969857936009,0.0401407713648811,0.128462129308677,0.488138790186279,0.000154389688413343,0.171034062414595,0.128971496800705,0.000150687221424342,0.000150687221424342
"AATCCAAGGGCCTGAG-1",0.00022764658475116,0.000227646584758037,0.00022764658475808,0.0995770259955746,0.000227646584758039,0.000227646584760146,0.540080003477178,0.0797878203993837,0.279416917204079
"AATCGCCTCAGCGCCA-1",0.0127645063612276,0.000161763331471461,0.000161763331471461,0.0996058348493,0.000161763332479592,0.000161763331471461,0.757510249114152,0.00734753716804257,0.122124819180384
"AATCTGCGTTGGGACG-1",0.000207265976144556,0.238790324824177,0.060570321588355,0.279197438031855,0.000207265976522682,0.0759965364225571,0.344616315228005,0.000207265976191945,0.000207265976191939
"AATGACGTAGGATGTC-1",6.4990110413039e-05,6.49901100896684e-05,0.060778113680142,0.188279168035611,6.4990109901806e-05,6.49901100896672e-05,0.682610818743826,7.10511853055923e-05,0.0680008879146218
"AATGACTGTCAGCCGG-1",0.000134776530293516,0.000134776534345527,0.000134776534345527,0.334314191452663,0.0109605665381064,0.000134776534345528,0.582763785914759,0.00013477653434554,0.0712875734267969
"AATGATGATACGCTAT-1",9.02366515512008e-05,0.153077889374381,0.00836007190344377,0.0063966871242539,9.02366516665664e-05,9.02366516640723e-05,0.374493791045146,0.000101925588692206,0.457298925009202
"AATGCAACCGGGTACC-1",9.54842691285466e-05,0.065453636722112,9.54842691271596e-05,0.101976742422172,0.0293247218379253,0.017762161230935,0.784848726453508,9.54842691271654e-05,0.000347558525965356
"AATGGTCCACCGTTCA-1",6.39160582983631e-05,6.56881539853595e-05,0.0554199047011505,0.608622427849856,6.39160583593919e-05,6.39160593329349e-05,0.335572399000352,6.39160593329359e-05,6.39160593329359e-05
"AATTAAAGGTCGGCGT-1",0.000154930565472903,0.000154930567213978,0.0280269722196708,0.21664925675391,0.00015493056522722,0.000154930567213977,0.754301933991925,0.000247184202151739,0.000154930567213978
"AATTAGCGCTGCAGCG-1",0.000104922584144877,0.0908467648342125,0.0159412912408513,0.106540221558665,0.000104922583825684,0.000104922584279039,0.67170923474317,0.114441746455939,0.000205973414912686
"AATTCATAAGGGATCT-1",7.60223116587916e-05,7.70598506109839e-05,7.60223112705436e-05,0.0558993877458814,7.6022311270553e-05,7.60223112509448e-05,0.888699124269832,0.000148687628304054,0.0548716512599206
"AATTCTAGAGTTAGGC-1",0.000165427798211397,0.483607423585431,0.106422910765299,0.10132593399064,0.00016542779919156,0.000165427798162118,0.098780764275629,0.00201033089015196,0.207356353097284
"ACAAATGGTAGTGTTT-1",0.121185581312057,0.00846224635426123,0.000325429995997789,0.260331440872923,0.000325429996005177,0.0133561225597078,0.444831874480415,0.150792943203621,0.000388931225012184
"ACAACGGTCCCTGCGA-1",6.18613685011361e-05,6.18613683849455e-05,6.18613683849764e-05,0.0420554949934922,6.18613681411807e-05,6.18613683849278e-05,0.690495793234916,0.266949948891508,0.000189456038287316
"ACAAGGAAATCCGCCC-1",0.000231810048978908,0.000231810048933088,0.11848315828609,0.207616083674299,0.0931618647568098,0.000231810048933086,0.57957984303809,0.00023181004893309,0.000231810048933091
"ACAAGGGCAGGCTCTG-1",0.000356533944463481,0.0520408159928878,0.258122818744007,0.221026563522369,0.0534802996688274,0.00035653394491719,0.413903366292694,0.00035653394491722,0.000356533944917184
"ACAATAGTCGTACGTT-1",0.000100497824508122,0.0167999699152274,0.0378106366966803,0.127356777587948,0.000100497824232969,0.000100497824049141,0.817360947877231,0.000106815612901055,0.00026335883722231
"ACAATCCATTTAAACC-1",0.0313920436574143,0.000144436969116412,0.142161478678932,0.481327433311061,0.000190127808556764,0.152515352413656,0.19198025322303,0.000144436969116411,0.000144436969116413
"ACAATTTAGGAGGCTC-1",0.00036221002835131,0.000362210029083462,0.00036221002908352,0.135759431427896,0.000362210029886224,0.0670176526641597,0.47131093806661,0.220028757908505,0.104434379816425
"ACAATTTGAGCAGTGG-1",8.83411520730696e-05,0.181154364957261,8.83411520672326e-05,0.160200405354996,8.8341151765934e-05,8.83411520672112e-05,0.587124654586417,0.000123214427568179,0.0710439960657848
"ACACAAAGACGGGTGG-1",9.08246664849127e-05,0.0142419861525487,9.08246664926091e-05,0.127199957338272,0.0152663860515704,9.08246664926084e-05,0.842756809281214,0.000171562510431961,9.08246664926262e-05
"ACACACTTTCTACACG-1",4.19123329068051e-05,4.19123325976881e-05,0.0489838988272514,0.147539721589978,4.19123326673479e-05,4.19123326673539e-05,0.63660206032287,0.153427275073248,0.0132793948558131
"ACACCCAGCATGCAGC-1",8.80401844871026e-05,0.0123061522773336,8.80401833597989e-05,0.253785321287344,8.80401832375701e-05,0.0174028392536126,0.666994320932415,8.80401833598001e-05,0.0491592055148498
"ACACCCGAGAAATCCG-1",4.47468845462852e-05,4.47468845478947e-05,4.4746884547855e-05,0.0255451212056783,4.47468827581017e-05,4.47468845478987e-05,0.725645387243597,0.130271005866281,0.118314751263496
"ACACGGGAACTTAGGG-1",0.000131728958144924,0.0226383688567303,0.000146009218734774,0.0683158373614687,0.000131728958137542,0.00294186602245723,0.637686788566416,0.267850475100428,0.000157196957481946
"ACATAATAAGGCGGTG-1",0.0718494591598927,8.91308146918342e-05,0.0439206652221616,0.0569051128942528,0.0105549188717099,8.9130814691833e-05,0.816365952484415,0.000129888162020942,9.57415761637933e-05
"ACATCAGCTGGGACGC-1",6.48689695864079e-05,6.48689706193214e-05,6.48689706193297e-05,0.01156759216343,0.000750297739329357,0.00209218489999257,0.678122696023201,0.285794200401382,0.02147842186184
"ACATCGATCGTTTACC-1",0.000223178128657992,0.0485569009307235,0.000223178128993943,0.136733580831348,0.03191132195998,0.0907521232024601,0.523025421285505,0.168351117403338,0.000223178128993958
"ACATCGGTCAGCCGCG-1",0.00010134205324459,0.000101342053437742,0.0964435894678899,0.56137812773128,0.000101342052958126,0.0356536102076884,0.216477616133475,0.000101342053437755,0.0896416882465894
"ACATCGTATGCAATGG-1",0.000200528029829825,0.153412334522311,0.024828866745162,0.250470221646656,0.000200528028165072,0.000200528029793307,0.214309970577034,0.00020052802979328,0.356176494391256
"ACATTAGTTTATATCC-1",0.000176023524689363,0.0155015693158427,0.000176023524846714,0.0279866845805311,0.000176023524671804,0.000176023524846716,0.511958838135285,0.000176023524846712,0.44367279034444
"ACCACGTGCAGCTATA-1",0.000383517248496106,0.0744045373920502,0.187700029137206,0.253596398336169,0.000383517249398174,0.000383517248621238,0.376317362104293,0.106447604035145,0.000383517248621253
"ACCATCGTATATGGTA-1",0.000195291295649753,0.0197984893082492,0.219902309298829,0.240331066720655,0.0760722243462086,0.000195291294176033,0.443114745147881,0.000195291294176057,0.000195291294176031
"ACCCAACGCCCGTGGC-1",0.000165630360667826,0.0581341896930038,0.0182940689017955,0.0716514588188804,0.0160189839621284,0.000165630360240305,0.835208307732408,0.000196099810635218,0.00016563036024026
"ACCCACCTACATGCTC-1",0.0334300910904428,6.99980109220214e-05,6.99980109220223e-05,0.744271658488696,0.00010049067188306,0.0317362273804221,0.183122552528659,6.9998010922022e-05,0.00712898580713143
"ACCCATCTTGAGGGTA-1",0.00956999401399834,6.80166210065032e-05,0.0740782143841105,0.646861823676595,6.80166223601757e-05,0.0322141801558422,0.237003721284074,6.80166210065099e-05,6.80166210065078e-05
"ACCCGGTTACACTTCC-1",0.000146155697297549,0.000146155696836611,0.308153983075615,0.503773456527623,0.000183549440297492,0.00588909554117919,0.129543810622522,0.000146155696836605,0.0520176377017924
"ACCCTTCATCTGCGAA-1",8.30805131074603e-05,0.00769567293471493,8.30805131074126e-05,0.102427327512317,8.30805132487738e-05,0.0945791324063314,0.411177456337241,0.383748787070009,0.000122382199922787
"ACCGATGGTAGCATCG-1",0.000345374054655039,0.000345374054655002,0.000345374054655065,0.230221656680313,0.079445113988108,0.169100722679889,0.362927106961481,0.156923903471589,0.000345374054654996
"ACCGCAATAACTGCCT-1",8.41432765365733e-05,8.41432764146524e-05,8.41432764983121e-05,0.208109647602217,8.41432764868659e-05,8.4143276498303e-05,0.221827688505424,0.315710966067513,0.253930981442411
"ACGAAATGGGCGGCAC-1",0.00415769206530956,0.105440815877246,0.0611705392168521,0.545011147775716,0.00572024639083544,0.0277478241876375,0.250567938472135,9.18980071343972e-05,9.18980071343969e-05
"ACGATACATAGAACTA-1",0.0183549870240751,0.0921944878952342,0.000151043301818562,0.168493163444214,0.000146824497651887,0.0148982821982118,0.705349745142132,0.000264641998115664,0.00014682449854693
"ACGATCATACATAGAG-1",0.000100167077091279,0.0590173421542776,0.000102058753540685,0.086381232988229,0.0186138261033899,0.000100167074117416,0.761227075448864,0.000125969173408971,0.0743321612270807
"ACGCCGCTAGACGACC-1",0.000112259048517763,0.000112259048515522,0.0122564046615684,0.141499951693979,0.000112259048794952,0.00904762816301894,0.739066262930371,0.0976807163567196,0.000112259048515542
"ACGCGAAGTCAGACGA-1",0.000130762894440576,0.0949403978584566,0.0358989786895586,0.0254419910793582,0.000130762894695731,0.0692996504612749,0.508208317626065,0.000130762894610469,0.26581837560154
"ACGCGCTACACAGGGT-1",0.000135348508893762,0.148294534859263,0.000135348509653112,0.3990951302139,0.000135348509148889,0.000135348509653061,0.451798243870182,0.000135348509653059,0.000135348509653091
"ACGCTGTGAGGCGTAG-1",0.0186819520671811,0.0527690211494397,0.000204062782539832,0.143296476984623,0.000204062782419647,0.00020406278253984,0.390472745588977,0.176496895535882,0.217670720326398
"ACGGCACTTGCTTGGG-1",8.40207950918537e-05,8.40207950753126e-05,8.40207950753871e-05,0.140847090345877,8.40207951187639e-05,0.0488095645417825,0.438384922465799,0.371523485579446,9.88538867344974e-05
"ACGGCGACGATGGGAA-1",7.28536618873735e-05,0.0496822737796028,8.04152241772978e-05,7.28536617005292e-05,0.0247727373966878,7.2853661700541e-05,0.924843634645686,9.16542874484947e-05,0.000310723681109117
"ACGTTAATGTCGAAGA-1",0.000195089453930695,0.000195089453931421,0.000195089453931483,0.0501886643736618,0.000195089453887238,0.000195089453931422,0.934616976014929,0.0140238228878656,0.000195089453931392
"ACGTTTAGTTGTGATC-1",0.000117783491587,0.276718740975291,0.000117783491587222,0.105480265974917,0.0268864815880583,0.000117783491587243,0.267251337976173,0.323181209712616,0.000128613298182463
"ACTCAATAAAGGCACG-1",9.34325176502675e-05,0.058752404691319,9.34325194745742e-05,0.0722574286804216,9.34325194745491e-05,0.0663557491143767,0.80193818097526,0.000299411372964582,0.00011652760905864
"ACTCCCTAGAATAGTA-1",0.000204629628796108,0.0682768663000721,0.000204629628810891,0.224237114056093,0.000204629628681507,0.00020462962881082,0.285301787451145,0.000204629628810842,0.42116108404878
"ACTCGTCAGTAATCCC-1",0.000131278553146643,0.144664051688842,0.000131278554825486,0.222421711504886,0.000131278554825488,0.000131278554825488,0.589364435529503,0.000138705598907583,0.0428859814602386
"ACTCTCTGACTTAGGT-1",9.74822958289013e-05,0.144349000351969,9.74822963064012e-05,0.105608896221037,9.7482296857015e-05,9.74822963064092e-05,0.613434768802325,0.000122509381117785,0.136094896058253
"ACTGCCGTCGTAACTC-1",9.42302736858461e-05,9.42302736858119e-05,9.85177105367235e-05,0.137795770218938,9.42302735003755e-05,0.0816327016846482,0.603972212667893,0.157539002797665,0.0186791040994469
"ACTGTACGATACACAT-1",0.000102012823710466,0.0741438421805527,0.014193121550034,0.000102012823708031,0.00837235706370579,0.000102012823708023,0.865199324918785,0.037672993865285,0.000112321950510431
"ACTTAGTACGACAAGA-1",0.000142160610924612,0.000142160610836186,0.33981073925388,0.207493005163615,0.000142160610787057,0.000142160610836184,0.451796887083144,0.000163233749913502,0.000167492306063579
"ACTTATTAGGATCGGT-1",0.000155514386499384,0.0502664203397622,0.0806110349017455,0.409388089264269,0.00466907489806373,0.00504374241364141,0.449555095023432,0.000155514386293408,0.000155514386293437
"ACTTCGCCATACGCAC-1",0.000157051523564687,0.148987945402584,0.000157051523239132,0.0367465409509442,0.000157051522960992,0.0383865989562644,0.774938307948399,0.000231289155294415,0.000238163016749572
"ACTTGACTCCCTCTTT-1",0.000195782637815365,0.00211673842253264,0.0635111009234607,0.0364144577339038,0.000195782640464633,0.0147400546192189,0.866958818532961,0.000195782640412536,0.0156714818492304
"ACTTTGACTGCATCCT-1",0.000207522035559158,0.000207522035560399,0.000207522035559277,0.211619610377528,0.000207522034704821,0.000207522035559279,0.35653160443277,0.158992564869973,0.271818610142785
"AGAACGTGGTACATTC-1",9.43283097470063e-05,0.0875996236363057,9.43283097472936e-05,9.43283097473117e-05,0.00250022596857727,0.0281767437287745,0.672259979134038,0.208983590613793,0.000196851989269632
"AGAAGAGCGCCGTTCC-1",0.000151800249328346,0.234862029348758,0.0628211696010481,0.0920518326279618,0.000151800249408981,0.000151800249315035,0.609292991577631,0.000182875171103949,0.000333700925445279
"AGAAGGTTGCCGAATT-1",0.000149809255092727,0.0532980072949507,0.136810443382425,0.408494606248473,0.000290832056081017,0.000149809255056956,0.354853273598664,0.045803409654181,0.00014980925507572
"AGAATAAATCTTCAGG-1",0.000198371399465041,0.103749111124389,0.0181729755413912,0.141258863797433,0.000198371398860684,0.202721654493288,0.446616139227418,0.086886141617644,0.00019837140011137
"AGAATTGTTTGACATA-1",0.000287510278202293,0.236783688346316,0.000287510278214722,0.270936762220311,0.00028751027816125,0.000287510278211757,0.246525509194067,0.120322276018781,0.124281723107735
"AGACAGCTCAGAATCC-1",0.000158225567167389,0.000158225567956845,0.000158225567956775,0.0546905104070585,0.000158225567738987,0.00015822556808269,0.689372267155968,0.254987869030113,0.000158225567956856
"AGACCCGCCCTCCTCG-1",0.0115002436069115,0.189080087281453,0.0369095847157321,0.0822018857407638,0.0468263181780564,0.000127081226401639,0.430623576768207,0.0790928541548376,0.123638368327637
"AGACCGGGAAACCCTG-1",4.45410542526469e-05,0.161999444116201,0.00941858398795084,0.0354385991438377,4.45410539089002e-05,0.00713076411069732,0.78260206525738,0.00326331892983549,5.81423459363948e-05
"AGAGATCTCTAAAGCG-1",0.00014531555204897,0.000145315556414285,0.000253161874284792,0.275905645567492,0.000888557690553592,0.0349746074212184,0.687268255216573,0.000269391752202385,0.000149749369212534
"AGAGCAGTTATGAGAC-1",0.160490303204917,0.134670432394788,0.0858838863105818,0.235613942505683,0.000297640903313154,0.0458608757866137,0.310917311376225,0.0259679666144731,0.000297640903405635
"AGAGCGTACAAGCTCG-1",6.59617899774652e-05,0.00638209777276012,7.05241236886123e-05,0.199981535235524,6.59617921503141e-05,0.000428737886982985,0.716138306054379,0.0400254409204284,0.0368414344241092
"AGATACCGGTGTTCAC-1",7.35330868111501e-05,0.0326861050124073,0.0126208366394483,0.832919249176362,0.0119291893100061,0.00616492696090544,0.0810016089967419,0.0225310177332802,7.3533084038209e-05
"AGATACGACTTCATAT-1",0.000106882763068705,0.000106882763027996,0.000106882763028154,0.147224097341992,0.000106882762713314,0.000106882763028289,0.253771666846383,0.598362939233731,0.000106882763028126
"AGATCTCAGGTGTGAT-1",0.00174999019032571,0.0560384214097145,9.24926565635672e-05,0.0165043139934067,9.24926565635736e-05,9.24926565635695e-05,0.49895955503207,0.228334062967429,0.198136178437364
"AGATGACTCGCCCACG-1",0.000198014559280593,0.107616724775341,0.000198536980195878,0.307547533067387,0.000198014560178845,0.0226353732486616,0.410223564490625,0.0289210383617939,0.122461199956535
"AGCACTACCGGCCTGT-1",6.26075884366702e-05,0.00502245725302418,0.0859728342438424,0.544224894648324,0.0202246724798743,0.169961636910528,0.133603082547048,6.26075884366694e-05,0.0408652067404864
"AGCATCGTCGATAATT-1",9.41362694353531e-05,0.000531552638525183,0.00272906112522723,0.147678333351543,0.0264548380374071,0.0117194713053834,0.810597023235026,9.41362712645897e-05,0.000101447766187699
"AGCCACTCCCGTGCTT-1",0.0262781822280479,0.0806515150388366,0.000144437464696305,0.128516784484941,0.000144437464377887,0.0598862656424847,0.704024942585603,0.000156522328778417,0.000196912762234097
"AGCCCATACATGTAAG-1",0.000360821131904433,0.000360821131555988,0.151983888433016,0.1623556874832,0.14087687695988,0.0216708949120384,0.521441418559627,0.000360821131556006,0.000588770257222129
"AGCCCTAAGCGAAGTT-1",6.29236183824435e-05,6.29236182950504e-05,6.29236183822139e-05,0.154502453358231,6.29236174935199e-05,6.29236183822077e-05,0.763819032825675,0.0813009721067766,6.2923618382187e-05
"AGCCTTAAAGCGGAAG-1",6.72236481461796e-05,0.000119533561245309,6.72236478876773e-05,0.125514330358921,6.72236484175839e-05,6.72236482538907e-05,0.0628835948499545,0.601581368876868,0.209632277760306
"AGCGACCAACGATATT-1",8.39471893243912e-05,0.0684851854265658,8.39471911427901e-05,0.0996425613410378,8.39471902722059e-05,8.39471911427822e-05,0.504124917884967,0.159359459256166,0.168052087329381
"AGCGCGGGTGCCAATG-1",9.19265946824089e-05,0.0569484653182532,0.00403348686602689,0.0110278083737727,9.19265943866914e-05,9.19265950554078e-05,0.422107862538946,0.0974999480359281,0.408106649082949
"AGCGTGGTATTCTACT-1",9.890088474448e-05,9.89008850074706e-05,9.89008844632928e-05,0.267410457410134,9.8900884188388e-05,9.89008844570356e-05,0.57022031608557,9.89008844632918e-05,0.161775821196972
"AGCTATTTAATCCAAC-1",0.00012857271000808,0.202531332769007,0.0507520583454423,0.113892086102737,0.00980200027205843,0.000128572709980954,0.335841300101158,0.253013777813907,0.0339102991757021
"AGCTCTAGACGTTCCA-1",0.000184666434752495,0.0506537775977149,0.000184666434720198,0.011015343261395,0.000184666434312636,0.000184666434720191,0.882414003040063,0.000184666434720195,0.0549935439276014
"AGCTCTTTACTCAGTT-1",0.000211124544788632,0.000211124545189598,0.0998762803094423,0.31977228651381,0.00021112454525395,0.0366609263695607,0.542634884081576,0.000211124545189599,0.000211124545189532
"AGCTGAAGTAAACCAA-1",0.000158541286260145,0.0187825714320508,0.000158541286219715,0.0185130845333347,0.000158541286300945,0.000158541286219721,0.717741683669357,0.244169953934038,0.000158541286219708
"AGCTTGATCTTAACTT-1",0.000103365816590715,0.0371965956243538,0.00010336581860465,0.556537517859559,0.012173387237727,0.000103365818604651,0.355595257712971,0.000103365818604654,0.0380837782929853
"AGGACAGTCGAATCCC-1",6.4239535190878e-05,0.00862071434353259,6.63714959050365e-05,0.16878259845382,6.42395349823755e-05,0.0700771132778528,0.715741962120791,6.69027249606569e-05,0.0365158585129646
"AGGACGACCCATTAGA-1",0.00015318674793065,0.000153186748233668,0.139861849799454,0.455781289552818,0.000153186746830829,0.000153186748233657,0.403423238217101,0.000167688691164034,0.000153186748233666
"AGGATAAAGTCGGGAT-1",0.000390807994168072,0.000390807995139121,0.127160836595636,0.164812891703468,0.000390807995139334,0.000390807995139101,0.393079856105735,0.000390807995139094,0.312992375620436
"AGGCCCTAGAACGCCA-1",0.000205237713479555,0.000205237713479532,0.0758648868039255,0.364027280196155,0.000205237712832926,0.06019298607878,0.262340514415326,0.0603163509256474,0.176642268440375
"AGGCTATGGTTAGCTT-1",0.000133662870204724,0.117836523695844,0.0607147245496443,0.410038464986297,0.000142377097568594,0.0570714439215989,0.353795477130345,0.000133662874248662,0.000133662874248665
"AGGGCGAGCAGCTGAT-1",0.0272821223060415,0.000245691548551717,0.0687154595997709,0.237166526819986,0.000245691548480669,0.000245691548551703,0.496557190213196,0.169295934866869,0.000245691548551668
"AGGGTGCTCTCGAGGG-1",0.000376176649874542,0.000376176649564869,0.0108149493288042,0.443992257174343,0.000376176648801614,0.260001725072913,0.137275462933677,0.000376176649564874,0.146410898892456
"AGGGTTCCCTTTGGTT-1",0.000292078409771882,0.133624723347727,0.000292078409505368,0.200140032713042,0.064467783551597,0.000292078409505371,0.227506698174603,0.177101833717735,0.196282693266513
"AGGTAACCTCCTATTC-1",8.53763534308153e-05,0.000129878986481289,0.103161048112368,0.211478702769012,8.53763538371813e-05,8.53763538843431e-05,0.496588100557629,0.188300764159472,8.53763538843913e-05
"AGGTGTATCGCCATGA-1",0.000161438314905216,0.000161438320114197,0.139587653599461,0.554900959516743,0.000161438318085899,0.0228997173081163,0.281804477982345,0.000161438320114217,0.000161438320114207
"AGGTTGAGGCACGCTT-1",0.000140626551657386,0.400343646191524,0.061701164629173,0.0848305749769821,0.0131717915409685,0.00200027289735198,0.437469023547158,0.00020227311322149,0.000140626551963556
"AGGTTTCACACACCTT-1",0.000249714947033891,0.075859126188674,0.000249714947073365,0.140094001580161,0.000249714947073362,0.000249714947073389,0.580379046561654,0.202419250934185,0.000249714947073364
"AGTACGGCCCGTATCG-1",0.00013723225183032,0.000137232251832376,0.0497318283525966,0.0389619166826619,0.0662465862068515,0.0593885215549048,0.39854248539437,0.386592644005483,0.000261553299469812
"AGTACGGGCACCTGGC-1",6.92699603142468e-05,0.00141044334387563,8.13552876875814e-05,0.122784134513296,6.92699601345839e-05,6.92699603142402e-05,0.874909487881963,6.92699603142478e-05,0.000537499132100069
"AGTAGGTAACATACAT-1",0.0811479069315547,0.000140082357425124,0.0556308055336517,0.0375583621516934,0.000140082357361671,0.121024177545041,0.618919054033805,0.0852994467320422,0.00014008235742509
"AGTATAATACTAGGCA-1",0.000138853427896783,0.000148318587931352,0.000138853427810663,0.420137128718327,0.0189511367313292,0.00262441499647703,0.557578233788849,0.000144206893567819,0.000138853427810662
"AGTCAACACCACCATC-1",0.000109466535076011,0.0595343852556095,0.00871153357184489,0.638160831239209,0.000319823741860757,0.0487547393948232,0.217675575917024,0.000109466539954753,0.0266241778045978
"AGTCAGCCACCGCCTG-1",0.000145783951631655,0.142464610559399,0.000145783951633771,0.153954009462249,0.000145783951629128,0.000145783951634314,0.539882951222328,0.000145783951633774,0.162969508997861
"AGTCTGGACATCCTTG-1",0.000164260437261616,0.000164260437316084,0.000164260437316088,0.124666827246854,0.000164260437859386,0.000164260437347457,0.393218772284029,0.481128837844647,0.000164260437369684
"AGTCTTCTCCTCAAAT-1",8.32149908675379e-05,0.026585292588933,0.000108890179179692,0.110480838525895,8.3214992363186e-05,8.32149924527325e-05,0.613969402910008,0.0246011986341057,0.224004732186195
"AGTGACCTACTTTACG-1",0.000172328088694542,0.000172328088801586,0.000172328088635586,0.404424416336429,0.000172328088798895,0.000172328092077109,0.594357498764044,0.000184116363883272,0.000172328088635566
"AGTGATTCAAGCAGGA-1",0.000234626760629709,0.173539114768543,0.0226172225513658,0.262604027913508,0.000234626760855296,0.000234626760445616,0.540066090668277,0.000235037055929641,0.000234626760445619
"AGTGCGTAGCTCGTAA-1",0.000289848436227374,0.0770755678710068,0.12823244436273,0.0874608004732836,0.000289848437118871,0.0607301665846473,0.294293263608108,0.091241973868565,0.260386086358313
"AGTGGCGGCAATTTGA-1",0.000156476256320909,0.000156476256737195,0.0153992618427221,0.089420026676952,0.000156476257048779,0.000156476256737188,0.440586614023249,0.413008690874907,0.040959501555325
"AGTGGCTCCGTCGGCC-1",0.000151600167541762,0.000151600168214872,0.000151600167541879,0.27060818038897,0.000151600167541935,0.082676240298299,0.480508331242302,0.00015160016754189,0.165449247232047
"AGTTAAACACTTGCGA-1",0.000254298178251185,0.0701661392153783,0.153376009077491,0.610508822060572,0.000254298178768685,0.0159571082447412,0.0735330071243221,0.000254298178717208,0.0756960197417585
"AGTTACCCTTAAGACT-1",0.000190318957820643,0.418525630826442,0.000190318957820426,0.210520242597925,0.000190318957746852,0.000190318957829173,0.21764142639913,0.152361105387466,0.000190318957820445
"AGTTCCTATTTATGTT-1",0.000321667647249124,0.00032166764680759,0.0784951751632961,0.258644286797551,0.139884228115386,0.000321667646807607,0.327860905253185,0.000321667646807568,0.19382873408291
"AGTTTGGCCAGACCTA-1",0.111950008794546,0.0244797293918158,0.0084299970429777,0.271595698021501,0.000213959902784038,0.000213959903516621,0.582601562711171,0.000301124328171319,0.000213959903516635
"ATAAACGGACCCGTAA-1",0.000238887878184566,0.104164941073646,0.0226385183909824,0.4483391281057,0.000238887877909723,0.000238887877839639,0.0881301838519155,0.335771677065983,0.000238887877839634
"ATAAATATTAGCAGCT-1",6.66483924709202e-05,6.66483900013229e-05,0.0694901599263461,0.660457205138325,0.0146023322810032,0.0365897745260451,0.218593934565805,6.66483900013232e-05,6.66483900013226e-05
"ATAACGCCGGAGGGTC-1",0.000122429883971277,0.000122429882639364,0.000122429882639366,0.00509372317789653,0.000122429882954239,0.000122429882639364,0.57185405051415,0.385328372368359,0.0371117045247513
"ATAACGGAGTCCAACG-1",3.78986152981255e-05,0.142470995297697,7.5268784561878e-05,0.0221999955386826,3.78986153035509e-05,3.78986152238502e-05,0.589280177453699,0.238479947486543,0.00737991959299128
"ATAAGGTGGAGAACAT-1",0.000378491219792216,0.0531469948364329,0.200630121256432,0.407743424408357,0.000378491219300247,0.000378491219271192,0.000378491219271191,0.051360889732874,0.28560460488827
"ATAAGTTACCGCGACG-1",0.000260392714263554,0.000260392714695182,0.000260392714366681,0.370482003091858,0.000260392714371376,0.000260392714366711,0.537494009473131,0.0904040129926451,0.000318010870302878
"ATAATAGCTGTTGAAT-1",0.000257630945932967,0.000257630945914119,0.0426844789988868,0.488830624748773,0.000257630945924729,0.000257630945914113,0.436944752248445,0.0302519892742949,0.000257630945914117
"ATACCACGGGCAACTT-1",0.0537004488176757,9.52110645437293e-05,0.0648798299237133,0.54507861179883,9.52110647857015e-05,0.185055790513172,0.138008287731771,0.0129913980209639,9.52110645437315e-05
"ATACGCCGGCGAAACC-1",6.28429407828537e-05,6.28429417781501e-05,6.28429417781325e-05,0.0557138404818669,6.28429404989995e-05,6.28429417781456e-05,0.943747145388883,6.28429417781198e-05,0.000161956480855783
"ATACGGGTTTCGATTG-1",0.000231767492806945,0.188906331897495,0.112934012458697,0.10593520681672,0.000231767492076774,0.000231767492054823,0.436281261483988,0.155016117374106,0.000231767492054802
"ATACTAGCATGACCCT-1",0.0235091047563127,0.144933739203808,0.0103135924806461,0.162041242304071,0.000209951671887223,0.012981993378456,0.503307604561399,0.136860301143841,0.00584247049957942
"ATAGACAACGGGACCT-1",9.65675489758851e-05,0.176299156212978,9.6567548975345e-05,0.0625535631409796,9.65675491485861e-05,0.000724535202441792,0.69425661112283,0.065769254297604,0.000107177376067027
"ATAGAGTACTGGGACA-1",6.01893533518631e-05,0.0594229632877493,0.0276002115933947,0.179257507640688,6.01893570288005e-05,0.0198715601480355,0.70974310354893,6.40680740546979e-05,0.0039202069967673
"ATAGAGTTATCAACTT-1",0.000102801376466704,0.0721479035862149,0.000161247627423507,0.0629021558809605,0.000102801376467242,0.000102801376133641,0.643614504782423,0.125001030430677,0.0958647535632333
"ATAGGCGGCTATAGAA-1",9.03898494358059e-05,0.0677733654563247,0.0332509608338756,0.136597912095343,0.0960064135167147,9.03898490379602e-05,0.547808572548213,0.118291606002018,9.03898490379605e-05
"ATAGGGATATCCTTGA-1",0.00161465331792905,0.358026276072635,0.000225828235707755,0.154356160859296,0.00167163713131208,0.0261575603910042,0.457669675754737,0.00012884329966055,0.000149364937718007
"ATAGTGAAGCGTTCTC-1",0.00014328528244531,0.000143285282811145,0.000143285282811109,0.337856364791627,0.0095961400782065,0.00014328528281113,0.651680572425413,0.000150496291063787,0.000143285282811133
"ATATTCAGTTAAACCT-1",0.0001663057457482,0.000166305747826993,0.000166305747827004,0.125953491754295,0.0095765485411973,0.000166305747827001,0.863412117543767,0.000226313423684567,0.000166305747827006
"ATATTCCACATAGTGA-1",0.108924637335287,5.06896215850368e-05,4.80795024734178e-05,4.83264607212945e-05,4.80795024137134e-05,4.80795024046869e-05,0.845821759252962,0.0449249401605323,8.5408661621457e-05
"ATCACATTAGAATATC-1",8.99760115463849e-05,0.0355307912683034,8.99760118298681e-05,0.0929117914931923,8.99760118796922e-05,0.0429276415346492,0.455039482884896,0.0318439455575039,0.341476419226199
"ATCACGTGCTAATTAA-1",0.00021938554008939,0.000219385540044692,0.0759191583589895,0.258088926368873,0.000219385540331446,0.000219385539543284,0.467825593094544,0.000219385540044729,0.19706939447754
"ATCACTTCATCCTCGC-1",0.0167947326133446,0.079181869513116,0.0496599652885472,0.273955536066015,0.0210241423538347,0.0517138461403296,0.443113547066847,0.011389668643415,0.0531666923145504
"ATCAGACGGCACGCCG-1",0.000237781387775944,0.0609200424883843,0.000237781387972518,0.116305595193857,0.000237781388031425,0.000237781387972514,0.498022810683611,0.323562644694422,0.000237781387972509
"ATCAGTAGGCAGGGAT-1",6.77166883317652e-05,0.0503411045767251,7.94005167444559e-05,0.0650909903189752,6.77166876113659e-05,6.77166883291947e-05,0.801911988827275,0.0378595610595152,0.0445138046364932
"ATCATCCAATATTTGT-1",0.000120828043999967,0.0260462083802724,0.000120828044158157,0.115330728239147,0.000120828044186249,0.000120828044158156,0.845305606814554,0.0127133163453653,0.000120828044158165
"ATCCAATGGAGGGTCC-1",0.000265631093372237,0.000265631093368244,0.0424671009983521,0.133419150755859,0.00026563109336825,0.034509495786336,0.637372957315019,0.151168770770957,0.000265631093368253
"ATCCAGAGCAACAACC-1",0.000406082568990014,0.0857559914107333,0.00040608256898748,0.0464708859421366,0.000457815291804108,0.027631428226785,0.633463993707058,0.205001637714518,0.000406082568987498
"ATCCAGGATTCGTGAA-1",0.000142084993652987,0.000154744762579416,0.288601590737236,0.264064507732969,0.000142084995450462,0.000142084995510159,0.446450071233124,0.000160745554027568,0.000142084995450467
"ATCCTACCTAAGCTCT-1",0.000145534756526567,0.000150019961217529,0.000145534756045048,0.193055941896117,0.000145534755954373,0.000145534756045058,0.805910249526683,0.000156114835366439,0.000145534756045056
"ATCCTGAATCGCTGCG-1",0.000106863454407227,0.0217336200170907,0.141025395453857,0.687907235626668,0.000192889705206424,0.0207220801182407,0.128098188716447,0.00010686345404138,0.000106863454041376
"ATCGACCCAATACAGA-1",0.000175362236031645,0.000175362233300848,0.000175362235954816,0.269004291917661,0.000175362235954815,0.000175362235711843,0.729667874070492,0.000263041923690143,0.000187980911202902
"ATCGACTCTTTCCGTT-1",0.000130037218531823,0.0415580308679721,0.000146821016391454,0.157269248999119,0.000130037218272552,0.000130037218529861,0.800375713024123,0.000130037218529853,0.000130037218529866
"ATCGCACGCCGGGAGA-1",0.00111132654718653,0.0552333679106141,6.97134863474672e-05,0.0799818063750288,4.47576922384746e-05,4.47576926533277e-05,0.765103397583004,0.00557602352251246,0.0928348491904147
"ATCGGAGACAGACGGC-1",5.68217223954403e-05,0.0279694091748101,0.000109890956021975,0.110644504157842,5.68217221051955e-05,5.68217225006044e-05,0.0328072475002443,0.540529010637945,0.287769472406135
"ATCGGTTACCTAGTAA-1",0.000260653357353597,0.000260653357353598,0.000260653357353599,0.149932712325056,0.000260653357241785,0.000260653357353606,0.547168146140646,0.301335221390288,0.000260653357353564
"ATCTCCCTGCAATCTA-1",0.000136366691043348,0.000150861022595681,0.125858577697402,0.163196167358434,0.000136366691292907,0.000136366691226123,0.411155862429101,0.00754335873425397,0.291686072684651
"ATCTGGTTAAGACTGT-1",0.0253240071282753,0.0930844747379043,8.23500172807891e-05,0.112098171215357,0.0548991324014022,8.23500172807819e-05,0.518599304620479,0.134944711173422,0.0608854986885997
"ATGAAGCCAAGGAGCC-1",9.1510441238325e-05,0.0100520741155386,9.15104475503843e-05,0.250016396317498,0.0156702997141378,0.00808652032817089,0.689904510422435,9.15104475503977e-05,0.0259956677658805
"ATGAGGAGTGTTAATC-1",0.000133909335839286,0.000133909337536597,0.000183057670982138,0.22397192000168,0.000133909337536589,0.0246985535071923,0.750408819398826,0.000133909337536586,0.00020201207287022
"ATGATGCAATGGTACA-1",9.49399752363445e-05,0.000232338759789166,0.450848424854346,0.0368528281517926,9.4939974853257e-05,9.4939974787158e-05,0.511560412649046,0.00011775731924435,0.000103418340905838
"ATGCATGATCCAGGAT-1",9.55544799447481e-05,0.0461301542368391,9.55544799451204e-05,0.093699904365841,9.55544799451226e-05,9.55544799451241e-05,0.859375232487891,0.00010477690570478,0.00030771408394368
"ATGCCGGTTGATGGGA-1",8.88428499262831e-05,0.0573075814438575,8.8842849926388e-05,0.147249504499123,8.88428495610756e-05,8.88428499263772e-05,0.552505162599935,0.242471197349831,0.000111182707913836
