"","B_cells","Endothelial_cells","Fibroblasts","Macrophages_and_MDSCs","Mast_cells","NK_and_T_cells","SMCs_Fibroblasts_Hybrids","SMCs_maintype","SMCs_subtype"
"AAACCGGGTAGGTACC-1",0.000162496249201621,0.000162496251243847,0.00656312707938598,0.177613286523032,0.000162496251243846,0.0697898174561374,0.638610699990705,0.106773083947807,0.000162496251243754
"AAACCTCATGAAGTTG-1",6.68646430942084e-05,6.68646405750176e-05,0.0759823937766834,0.595234220586282,0.000106524111644379,0.117741158504291,0.21066824445628,6.68646405750211e-05,6.68646405750205e-05
"AAACGAGACGGTTGAT-1",0.000173455698509731,0.000173455698515487,0.000173455698515482,0.00650805493528026,0.000173455698515483,0.000173455698515481,0.604906238126715,0.387476368014455,0.000242060430977462
"AAACTGCTGGCTCCAA-1",0.000238650717527011,0.000238650717230669,0.270932233422026,0.301262437197995,0.000238650716633166,0.00023865071723067,0.253003495286137,0.17360858050799,0.000238650717230685
"AAAGACTGGGCGCTTT-1",0.000143505668150531,0.0208528987336014,6.65778460109531e-05,0.0727506862163491,6.65778458873854e-05,6.65778460109581e-05,0.905682496382886,0.00019080581938071,0.000179873641723079
"AAAGGGATGTAGCAAG-1",0.0067098251194666,0.0640749868421911,9.89016362634894e-05,0.156358386928535,9.89016361568959e-05,9.89016362634878e-05,0.730075601741042,0.00937664176501199,0.033107852695069
"AAAGGGCAGCTTGAAT-1",0.000101456995737783,0.0248403460148175,0.0169154742629246,0.189325975852968,0.000101456994443233,0.000101456995161465,0.768305853499694,0.000107976242234723,0.00020000314201898
"AAAGTCGACCCTCAGT-1",0.000111398384794003,0.000111398386978743,0.0902912460436592,0.0506108944856864,0.000111398387026348,0.000111398386978741,0.75456557547596,0.103674696162356,0.000411994286559889
"AAATACCTATAAGCAT-1",0.000149997705291513,0.000149997705645478,0.0125447516641048,0.131328572722946,0.000149997706395002,0.000149997705645473,0.569021368320669,0.000225196194413952,0.286280120274889
"AAATCGTGTACCACAA-1",7.65767557375983e-05,7.65767556326977e-05,0.0621960886761315,0.216810385719996,7.65767555128767e-05,7.65767556323682e-05,0.375230086082793,0.000131896449504827,0.345325236049059
"AAATGCTCGTTACGTT-1",8.88543631491988e-05,8.88543633575046e-05,8.8854363491146e-05,0.128820811634449,8.88543637643542e-05,8.88543634804868e-05,0.164233997144986,0.258209850672869,0.448291068730454
"AAATTACCTATCGATG-1",0.000148853535181504,0.000148853535171302,0.0128041053893973,0.0696558025984183,0.000148853535219975,0.0302746516217989,0.467255003994207,0.0512538751942988,0.368310000596307
"AAATTTGCGGGTGTGG-1",9.13291410649191e-05,9.1329141031143e-05,9.13291410311445e-05,0.221313596331444,9.13291409039451e-05,9.13291410311418e-05,0.464561801976866,0.313426171213459,0.000241784773168861
"AACAATTACTCTACGC-1",7.97934405623838e-05,0.00718694131947093,0.0357959519728563,0.85365573903314,0.00790961901625336,0.0241744340260771,0.034103802308071,4.43778860230625e-05,0.0370493409975455
"AACAGGAAATCGAATA-1",0.00010014247505101,0.0065327500093159,0.201504991116511,0.0836376088476245,0.000100142475168427,0.000100142475051007,0.707635493173389,0.000226137852949297,0.000162591574939614
"AACCAAGACTTCTCTG-1",0.0111148269839583,0.0539001623152978,0.0511730810899557,0.515300412025494,0.000132096646663905,0.200670344930184,0.16752445521151,9.23103984681145e-05,9.23103984681131e-05
"AACCCAGAGACGGAGA-1",9.29722793302601e-05,9.29722795725677e-05,0.0254856543789818,0.0691846882770433,9.29722795741433e-05,9.29722796707479e-05,0.370697161609467,0.300094281612311,0.234166325004049
"AACCGAGCTTGGTCAT-1",6.75927646237886e-05,0.0345637002521692,6.75927635343855e-05,0.075166596976771,6.75927646152467e-05,6.75927635343859e-05,0.889562990543632,0.00014845651753579,0.000287884653584339
"AACGATATGTCAACTG-1",0.0230354569040334,0.147932283013572,0.050182436351874,0.125586224730394,9.68704514538637e-05,9.68704514850859e-05,0.65253792603337,9.97618591927683e-05,0.000432170204625131
"AACGCGGTCTCCAGCC-1",6.30308918471846e-05,0.00344507521576703,6.94207179569239e-05,0.124288231143306,6.30308944841543e-05,0.00278568270463041,0.839166926717504,6.30308940305035e-05,0.0300555708204739
"AACGGCCATCTCCGGT-1",0.000242150159293567,0.00024215015931228,0.120254894112061,0.185745431066796,0.00024215016010687,0.0245781782577252,0.528008251895349,0.000299698597033356,0.140387095592323
"AACGTACTGTGGGTAC-1",0.000134229098618176,0.107238435352792,0.000248459584555875,0.171463683473137,0.000134229098741728,0.0362913995857892,0.684128026581275,0.000227308126475001,0.000134229098616275
"AACGTCAGACTAGTGG-1",0.000129131013872799,0.15009604973446,0.000129131015779404,0.197776881020205,0.000129131014643846,0.0248710619931089,0.62635302770571,0.000305005728926725,0.000210580773293144
"AACGTTATCAGCACCT-1",0.000116972304237485,0.0317864462046881,0.000116972304077588,0.064715956291849,0.233107489066114,0.0233570163529046,0.431310137446293,0.13320651836442,0.0822824916654162
"AACTCTCAATAGAGCG-1",0.000296770999870235,0.000296770999346388,0.000296770999346387,0.491045899216375,0.000296770999453813,0.0677835856766564,0.435786477460603,0.00390018264900324,0.000296770999346385
"AACTGGGTCCCGACGT-1",0.00011807167851633,0.298385932169801,0.0339279574207966,0.19317450580609,0.0503576303360667,0.000118071678516823,0.297430864803373,0.0575741230854194,0.0689128430214201
"AACTTCTGCGTCTATC-1",0.000133673430433559,0.000133673430429702,0.000133673430429703,0.145046491717167,0.000133673430574383,0.000133673430635929,0.000133673430429704,0.298651584320175,0.555499883379725
"AACTTTACGGGAGCTT-1",8.40561174220677e-05,8.40561173164132e-05,8.40561174220179e-05,0.142930351240811,8.40561170593429e-05,0.21155097233022,0.5577223558271,0.0872916385182112,0.000168457614437862
"AAGAGGATGTACGCGA-1",9.77504527785896e-05,9.77504498617297e-05,0.137206852812709,0.662481431494728,0.000194316002999086,0.000106944844033221,0.199619453043167,9.77504498617243e-05,9.77504498617182e-05
"AAGAGGCATGGATCGC-1",0.0240814666769386,0.000311377296319864,0.000311377296319867,0.0413341047342359,0.000311377296319868,0.000311377296319867,0.457339670706664,0.475687871400562,0.00031137729631986
"AAGATTGGCGGAACGT-1",0.000165533309677173,0.055150232441004,0.000165533309675442,0.0364219495326217,0.0683200795777817,0.000165533309675463,0.814580614484951,0.0248649907249377,0.00016553330967546
"AAGCATACTCTCCTGA-1",0.000419703335769856,0.0774952627013347,0.156207682685465,0.111846474728817,0.0909504162380526,0.118336235978571,0.209240975725664,0.235083545270555,0.000419703335769859
"AAGGCGCGTAAAGCTT-1",8.84778139558219e-05,0.0681665595170518,0.00821859011726227,0.214505646261169,0.0118163640405299,0.0101071387789668,0.646262549319168,9.17588685433351e-05,0.0407429152833539
"AAGGGACAGATTCTGT-1",0.000103384165323859,0.000103384165309368,0.000120893656826482,0.0515612788255673,0.000103384164827742,0.000547287237912258,0.772785230434196,0.000119180387907302,0.174555976962129
"AAGTAGAAGACCGGGT-1",9.20620127594671e-05,9.2062014597232e-05,9.20620145972311e-05,0.012915689239191,0.0118176610996563,9.20620145972317e-05,0.446175971154792,0.339779130382758,0.188943300067052
"AAGTGACGACCGAATT-1",0.000148748846950401,0.0285831265818419,0.000148748845384823,0.415026532176619,0.00014874884515542,0.0715668835729286,0.48407971344035,0.000148748845384804,0.000148748845384817
"AAGTTCGGCCAACAGG-1",0.0464190496485138,0.0935450596888147,0.000322102875765635,0.261340221118937,0.000322102876268328,0.000322102875765565,0.411024771226201,0.124405439193219,0.062299150496514
"AATAACAACGCTCGGC-1",0.0254764683574934,0.0225116667127336,0.071808853229836,0.527420167377341,0.0252548437266675,0.068112507426497,0.259127681309277,0.000143905930077427,0.000143905930077432
"AATATTGGAGTATTGA-1",0.0445790494969257,0.0374665736975252,0.123979697589135,0.486064291602781,0.000152065912294139,0.179461417642324,0.127999298766123,0.000148802646446149,0.000148802646446161
"AATCCAAGGGCCTGAG-1",0.000158709874900661,0.00015870987490066,0.000158709874900594,0.116441940228589,0.000158709874973314,0.00015870987496865,0.55505905121642,0.0126047429710469,0.315100716209301
"AATCGCCTCAGCGCCA-1",0.0119665678731447,0.000160094335340566,0.000160094335340566,0.0979910116459633,0.000160094335770073,0.000160094335340568,0.772771568588624,0.0137614501867199,0.102869024363756
"AATCTGCGTTGGGACG-1",0.000206795476205017,0.236289425246675,0.0613930738284658,0.272705992782796,0.000206795475149183,0.0951244607327796,0.333659865507032,0.000206795475448587,0.000206795475448587
"AATGACGTAGGATGTC-1",6.53190971251653e-05,6.53190974029226e-05,0.0557495951724125,0.196444797193646,6.53190972390177e-05,0.00439540460664109,0.666405974192258,6.65656845237254e-05,0.0767417058587521
"AATGACTGTCAGCCGG-1",0.000134239051301104,0.000134239050690605,0.000134239050690604,0.344167684247801,0.011071959125468,0.000134239050690608,0.577070387561754,0.000134239050690606,0.0670187738109131
"AATGATGATACGCTAT-1",8.77652446168854e-05,0.148646956222657,0.00763093521334322,0.00065483870907474,8.77652447302339e-05,0.0229009076596732,0.350741495333286,0.000117747387296337,0.469131588985322
"AATGCAACCGGGTACC-1",9.68588109869485e-05,0.0651281857287762,9.6858810987415e-05,0.101975866190986,0.0302119926954644,0.0193500378804502,0.782695411494515,9.68588109874244e-05,0.000347929576845968
"AATGGTCCACCGTTCA-1",6.24157300637868e-05,6.75118732286168e-05,0.0469949494197901,0.62312029543913,6.24157312336263e-05,6.2415730564994e-05,0.329505164614859,6.24157305649881e-05,6.24157305649927e-05
"AATTAAAGGTCGGCGT-1",0.000105310027562523,0.000105310028613547,0.0211991994585973,0.21973753431893,0.00010531002917651,0.000105310028613547,0.758347533574653,0.000189182505239753,0.000105310028613553
"AATTAGCGCTGCAGCG-1",0.000149943234735202,0.0863387877231409,0.0254412545311201,0.103158820649713,0.000149943233492061,0.000149943233791772,0.59841852572598,0.185974317176962,0.000218464491064943
"AATTCATAAGGGATCT-1",7.45816231788274e-05,7.91749844511833e-05,7.45816231051883e-05,0.0564320423466677,7.45816231051736e-05,7.45816231056439e-05,0.803335967249376,0.000127862005821989,0.139726626921188
"AATTCTAGAGTTAGGC-1",0.00016146283689532,0.508613111543041,0.0744356510372278,0.0982226813683978,0.000161462836198945,0.000161462836847668,0.137480734826858,0.000281397734129756,0.180482034980404
"ACAAATGGTAGTGTTT-1",0.127251615622978,0.0233723981534591,0.000309195565091799,0.261153767401897,0.000309195565097119,0.0236564401099328,0.428524535743032,0.135113656273421,0.000309195565091788
"ACAACGGTCCCTGCGA-1",6.18946475755602e-05,6.18946473094494e-05,6.1894647309447e-05,0.0442710804738321,6.18946462552723e-05,6.18946473094349e-05,0.667864048190826,0.287377035621577,0.000178362478005207
"ACAAGGAAATCCGCCC-1",0.000228284489281887,0.000228284489261318,0.108923496847366,0.204697096798041,0.0964203232319633,0.0129742634078845,0.576071681757679,0.000228284489261448,0.000228284489261469
"ACAAGGGCAGGCTCTG-1",0.00036352440049553,0.0517332827431836,0.244281395744972,0.218161781806962,0.054665035986028,0.000363524400950921,0.429704406115505,0.000363524400950916,0.000363524400950928
"ACAATAGTCGTACGTT-1",0.000101864672165171,0.0188782155962344,0.0255670798088808,0.127371804754455,0.000101864674710882,0.000101864674852059,0.827492193752852,0.000103278986218116,0.000281833079631754
"ACAATCCATTTAAACC-1",0.0312818285861198,0.000142547475569704,0.137821419599334,0.481232839686432,0.000193455782388607,0.155558655625189,0.193484158293827,0.000142547475569704,0.000142547475569705
"ACAATTTAGGAGGCTC-1",0.000360837895366015,0.000360837895667886,0.000360837895667906,0.137637147215443,0.000360837896385877,0.0650283807326299,0.429305108814021,0.212585529628629,0.15400048202619
"ACAATTTGAGCAGTGG-1",9.02849020540717e-05,0.178331460743175,9.02849020541268e-05,0.158457063390958,9.02849014726605e-05,9.02849020541099e-05,0.597082737242827,0.00013317397794264,0.0656344250374626
"ACACAAAGACGGGTGG-1",9.17508817609966e-05,0.0137922496391125,9.17508817548486e-05,0.125729281961944,0.015311331903656,9.17508817548466e-05,0.844630510760729,0.00016962220753267,9.17508817548466e-05
"ACACACTTTCTACACG-1",4.16203189133044e-05,4.16203186928406e-05,0.0436610160066088,0.150603721887151,0.0026606950216849,4.16203186928388e-05,0.641518581808697,0.137358304280757,0.0240728200388018
"ACACCCAGCATGCAGC-1",8.73401632754563e-05,0.0120560461016361,8.73401650598575e-05,0.25422144184135,8.73401650598422e-05,0.0221881464604378,0.664965184385869,8.73401650598831e-05,0.046219820552252
"ACACCCGAGAAATCCG-1",6.44148709348866e-05,6.44148709374496e-05,6.44148709374306e-05,0.0265616619018195,6.44148697236928e-05,6.44148709374515e-05,0.719061223741572,0.14091362242794,0.113141417575198
"ACACGGGAACTTAGGG-1",0.000130322388354122,0.0237740350394665,0.000143781503419155,0.071868438614282,0.000130322388121852,0.0191096127095189,0.630326018514099,0.254363489249443,0.000153979593295614
"ACATAATAAGGCGGTG-1",0.0706846567100836,9.00258896508158e-05,0.0414452477712704,0.059289151329322,0.0108089716837935,9.00258896508065e-05,0.817367809494169,0.000128069446068706,9.60417859908108e-05
"ACATCAGCTGGGACGC-1",6.52660718897953e-05,6.52660718869119e-05,6.52660718869121e-05,0.0116845454833819,0.00202486813382384,0.00229196085369686,0.664458660181986,0.278136269889134,0.0412078972423134
"ACATCGATCGTTTACC-1",0.000219895432218276,0.053158059698622,0.000219895432548487,0.142470525296843,0.0418551279974928,0.0697763589869235,0.521338057789671,0.170735302668576,0.000226776697105181
"ACATCGGTCAGCCGCG-1",0.000101976306776596,0.000101976306795526,0.0938528537124308,0.570718107155585,0.000101976306944313,0.0346574721460956,0.213546421730078,0.000101976306795549,0.0868172400284992
"ACATCGTATGCAATGG-1",0.000201048209359165,0.148002857692033,0.029853531621855,0.266522472224325,0.000201048209638954,0.000201048209395045,0.205790897406931,0.000201048209395074,0.349026048217068
"ACATTAGTTTATATCC-1",0.000172061194981728,0.0297150491202752,0.000172061195221587,0.030234983343376,0.000172061195417538,0.000172061195221585,0.604446762719085,0.00017206119522162,0.3347428988412
"ACCACGTGCAGCTATA-1",0.000385882869226852,0.0682309192283408,0.185447092185916,0.27473517180816,0.000385882868791083,0.000385882869231174,0.3805960275936,0.0894472577075024,0.000385882869231167
"ACCATCGTATATGGTA-1",0.000194990574395119,0.0201631462147081,0.196699897082444,0.239754495762455,0.0783478541831884,0.000194990572925698,0.464254644464032,0.000194990572925706,0.00019499057292568
"ACCCAACGCCCGTGGC-1",0.000169986015673905,0.0571737120467127,0.010136366802604,0.0719137433727147,0.0115369152397782,0.00016998601567467,0.848533577708252,0.000195726782915309,0.000169986015674729
"ACCCACCTACATGCTC-1",0.0324506982041361,6.91921547209695e-05,6.91921547209689e-05,0.747310473752417,0.000103208009814486,0.0375807929492226,0.175521665931832,6.9192154720971e-05,0.00682558468841517
"ACCCATCTTGAGGGTA-1",0.00905152555795265,6.78876256408985e-05,0.0694409474094758,0.644082419399181,6.78876246366035e-05,0.0366235382244875,0.240530018907344,6.78876256408988e-05,6.78876256409075e-05
"ACCCGGTTACACTTCC-1",0.000102038831561099,0.00010203883131668,0.315082860132136,0.506767269944163,0.00012683618241944,0.0144062482720319,0.122532887114345,0.000102038831316684,0.0407777818607098
"ACCCTTCATCTGCGAA-1",8.08040883462647e-05,0.0297771315463676,8.08040883462933e-05,0.100261095995552,8.08040884785261e-05,0.1052651405116,0.403564071022154,0.360778851934004,0.000111296725150836
"ACCGATGGTAGCATCG-1",0.000344786634126096,0.000344786634126114,0.000344786634126117,0.224602147386848,0.0727858919825368,0.175920554010811,0.354333955362145,0.170978304721154,0.000344786634126088
"ACCGCAATAACTGCCT-1",8.31307156967053e-05,8.31307157579931e-05,8.31307155766188e-05,0.212473378635195,8.31307154895313e-05,8.31307155766318e-05,0.190221558683808,0.32520609055814,0.271683318544759
"ACGAAATGGGCGGCAC-1",0.00782354995364352,0.102630560372414,0.0587238489084241,0.548211035455528,0.00498405130244971,0.0301193745887991,0.247325724042112,9.09276883147272e-05,9.09276883147267e-05
"ACGATACATAGAACTA-1",0.0180194442487453,0.093302442079681,0.000153748689735375,0.173299048279659,0.000147905735394231,0.0150709594867515,0.699577341183406,0.000281204560891172,0.000147905735735567
"ACGATCATACATAGAG-1",0.000100278393751938,0.0619450380966427,0.000100278393299185,0.0879123995566968,0.0192706683066364,0.000100278393299186,0.766697529413394,0.000131984238331815,0.0637415452079484
"ACGCCGCTAGACGACC-1",0.000163468687782975,0.00016346868778195,0.0147230782174568,0.143938411659859,0.000163468688196837,0.0132276146743548,0.716049502305559,0.111407518391227,0.00016346868778194
"ACGCGAAGTCAGACGA-1",0.000129518644056606,0.0928247102910291,0.0120418274158289,0.029022789820005,0.000129518643906703,0.0718007681210022,0.53400669853964,0.000129518643893389,0.259914649880638
"ACGCGCTACACAGGGT-1",0.000137738153780007,0.143421645525877,0.000137738153848607,0.400712474990969,0.000137738153497957,0.000137738153848514,0.455039450560482,0.000137738153848507,0.000137738153848517
"ACGCTGTGAGGCGTAG-1",0.0210399896780084,0.0551438731086953,0.000203286389851868,0.142633335212322,0.000203286390961632,0.000203286389851814,0.37153074141707,0.141509763002627,0.267532438410612
"ACGGCACTTGCTTGGG-1",8.45898022948037e-05,8.4589802295601e-05,8.45898022956536e-05,0.146129267799744,8.45898022472342e-05,0.0449270811853903,0.437269643534296,0.371235059413817,0.000100588857619729
"ACGGCGACGATGGGAA-1",5.25587795301171e-05,0.0315820820136856,5.25587793714695e-05,5.25587793691535e-05,5.25587793978614e-05,5.25587793719364e-05,0.911518364481677,5.5560436534811e-05,0.0565811991710622
"ACGTTAATGTCGAAGA-1",0.000199926957041821,0.000199926957042745,0.000199926957042745,0.0514176283561179,0.000199926957221648,0.000199926957042749,0.914371299566608,0.0330064449191971,0.000204992372685125
"ACGTTTAGTTGTGATC-1",0.000181153630025276,0.250578308806189,0.000181153630025136,0.114307528199133,0.0306205166401608,0.00018115363002528,0.287039622857385,0.316726070466426,0.000184492140630743
"ACTCAATAAAGGCACG-1",9.27359036766611e-05,0.0595486807586341,9.27359054763636e-05,0.0779446505062225,9.27359054763802e-05,0.0754625239170605,0.786332686329056,0.000305761699560279,0.000127489074837052
"ACTCCCTAGAATAGTA-1",0.000208816259520364,0.0788003366690708,0.000208816259530566,0.222857890772417,0.000208816259577109,0.000208816259530551,0.30687634694887,0.000208816259530538,0.390421344311953
"ACTCGTCAGTAATCCC-1",0.000132541325802585,0.147266015635194,0.00013254132751501,0.219942778432602,0.000132541327515009,0.00013254132751501,0.582220826506254,0.000141976310065185,0.0498982378075373
"ACTCTCTGACTTAGGT-1",0.000100306733011623,0.125958558271062,0.000100306732538379,0.10529462455457,0.00010030673352459,0.000100306732538447,0.642310209644281,0.000112785513148669,0.125922595085326
"ACTGCCGTCGTAACTC-1",0.000133542935975523,0.000133542935975553,0.000138262160798443,0.146336512134461,0.000133542936039619,0.0880100037940238,0.582614767329805,0.167226340062338,0.0152734857105829
"ACTGTACGATACACAT-1",0.000103304962328584,0.0748595036381757,0.0166906849437015,0.00010330496232327,0.0101936970845177,0.000103304962323261,0.860459959275539,0.0373749090117956,0.000111331159295369
"ACTTAGTACGACAAGA-1",0.000144340530949233,0.000144340530931605,0.397462748436796,0.210804958875105,0.000144340530830242,0.000144340530931603,0.39083645875088,0.000147372078379347,0.000171099735197425
"ACTTATTAGGATCGGT-1",0.000153501518500323,0.0522447426499793,0.0670253969728195,0.397464669772678,0.0123291168410392,0.00926779451514083,0.461207774693163,0.000153501518339775,0.000153501518339761
"ACTTCGCCATACGCAC-1",0.000159974112339033,0.148306618915845,0.000159974112337431,0.0371494450141882,0.000159974112054492,0.0389648251239441,0.774579732591393,0.000244877281877383,0.000274578736022055
"ACTTGACTCCCTCTTT-1",0.000200727970002885,0.000200727970994911,0.053389255161877,0.035733126100966,0.00020072797009907,0.00832390320581246,0.896834668265687,0.000200727970994914,0.0049161353835656
"ACTTTGACTGCATCCT-1",0.000211228166641669,0.000211228167082873,0.000211228166641718,0.185360761844167,0.000211228165800505,0.000211228166641711,0.378492539250117,0.15585916105108,0.279231397021828
"AGAACGTGGTACATTC-1",9.43031173129198e-05,0.0884357724714847,9.43031173118457e-05,9.43031173118496e-05,9.43031173118519e-05,0.032479346276937,0.656546450069299,0.221998886272804,0.00016233244022681
"AGAAGAGCGCCGTTCC-1",0.000108286878267223,0.234877639577798,0.0720992582649917,0.0930531681216399,0.000108286878115279,0.00010828687825834,0.591639897356086,0.000150492551900793,0.00785468349294232
"AGAAGGTTGCCGAATT-1",0.00014620766307344,0.0549483848069707,0.128772580997373,0.417587115353079,0.000311489135347918,0.000146207662927817,0.340781869839687,0.0571599368786056,0.000146207662935898
"AGAATAAATCTTCAGG-1",0.000192406027869447,0.112361969919598,0.0144864475197048,0.138494973481856,0.000192406028452976,0.210574260540922,0.418857749046923,0.104647381406424,0.000192406028250115
"AGAATTGTTTGACATA-1",0.000290082524211151,0.268981441983792,0.000290082524304302,0.286924907856815,0.000290082524273644,0.000290082524304705,0.22211873449238,0.0916773720599737,0.129137213509946
"AGACAGCTCAGAATCC-1",0.000153713600217548,0.00015371360113646,0.000153713601136508,0.0594508948948985,0.000153713601171954,0.00015371360094454,0.685994584161463,0.253632239337895,0.000153713601136496
"AGACCCGCCCTCCTCG-1",0.0124918937647828,0.193437732032856,0.0348607897554958,0.0846456585839212,0.0474530921994955,0.000126008785826972,0.420718673354482,0.0717059200208621,0.134560231502278
"AGACCGGGAAACCCTG-1",4.4934422719726e-05,0.166013869904711,0.00776836027588119,0.0368745091603378,4.49344232377139e-05,0.00771756437487245,0.779418874701006,0.00205905448558617,5.78982516479807e-05
"AGAGATCTCTAAAGCG-1",0.000145374377539182,0.000145374381900321,0.00019721652488406,0.273573528394216,0.00157558287026966,0.0361357452001649,0.68782574981592,0.000249006011661387,0.000152422423444302
"AGAGCAGTTATGAGAC-1",0.160725227015584,0.136854695264047,0.076075632483068,0.234284590801556,0.000294247656085949,0.0506895071625272,0.322246443738745,0.0185354082222104,0.000294247656176282
"AGAGCGTACAAGCTCG-1",9.50148936259253e-05,0.00633898078448068,0.000100865122495682,0.203264802829974,9.5014893165004e-05,0.00429466466647385,0.71288465709742,0.0303072158947294,0.0426187838176356
"AGATACCGGTGTTCAC-1",7.28849991783503e-05,0.0323851070851925,0.010929442471384,0.829042000194111,0.012671923451584,0.0122232533342141,0.0814811802002092,0.0211213232650664,7.28849990605662e-05
"AGATACGACTTCATAT-1",0.000106451868843606,0.000106451868865373,0.000106451868865316,0.141994692163729,0.000106451868878862,0.000106451868865233,0.263432153506002,0.593934443117085,0.000106451868865327
"AGATCTCAGGTGTGAT-1",0.00255376569516417,0.0575962283378928,9.46690788543564e-05,0.0176113438845531,9.4669078854356e-05,9.46690788543537e-05,0.478260147971433,0.245195656655098,0.198498850219296
"AGATGACTCGCCCACG-1",0.000137482858133919,0.108698338838031,0.000137482857528659,0.315566742375772,0.000137482857528652,0.0253859845900798,0.402904019851547,0.0353639187692967,0.111668547002082
"AGCACTACCGGCCTGT-1",0.00360845266061951,0.00537969093388208,0.0827737368595052,0.545169570056863,0.0196486665543147,0.176253187974445,0.128179792621798,6.14095427342741e-05,0.0389254927958379
"AGCATCGTCGATAATT-1",0.000134890704179237,0.00137151287005671,0.000186760512437175,0.147600366471757,0.0264890493722264,0.0142844916574565,0.809657248507747,0.000134890703593845,0.000140789200545781
"AGCCACTCCCGTGCTT-1",0.0276904848485255,0.0854564575384366,0.000141557257293442,0.127711484523839,0.000141557257055698,0.0788195537153451,0.679680952174326,0.000152285160829251,0.000205667524349468
"AGCCCATACATGTAAG-1",0.000375171570841088,0.00037517157075463,0.16507013088279,0.170189417770009,0.141601878111374,0.0203801608352847,0.500999989921869,0.000375171570754631,0.000632907766324159
"AGCCCTAAGCGAAGTT-1",6.22618270071485e-05,6.22618268049026e-05,6.22618270070183e-05,0.160421629480228,6.22618263457947e-05,6.22618270070724e-05,0.737518594929608,0.101686204628985,6.22618270070302e-05
"AGCCTTAAAGCGGAAG-1",6.72928410481512e-05,0.0005774016097932,6.72928411873478e-05,0.123921641825082,6.72928414929805e-05,6.72928414100942e-05,0.00544039056874521,0.582994463425582,0.286796931205659
"AGCGACCAACGATATT-1",8.38648286643325e-05,0.0722228742426609,8.38648300661313e-05,0.104342552718829,8.38648299469141e-05,0.000335534777968616,0.517769390504595,0.152818698980996,0.152259354286273
"AGCGCGGGTGCCAATG-1",9.35086047927369e-05,0.0522708343832645,0.00420260091899642,0.0107691547860409,9.35086056254983e-05,9.35086051857292e-05,0.420908059206832,0.0723346259417351,0.439234198947527
"AGCGTGGTATTCTACT-1",9.83658968737966e-05,9.8365897251868e-05,9.83658972508788e-05,0.267334971561568,9.83658973154943e-05,9.83658972269196e-05,0.604395877062986,9.83658972508786e-05,0.127678955992276
"AGCTATTTAATCCAAC-1",0.000126970671572734,0.21996291362409,0.0376133959163543,0.116275674180874,0.0125818363917321,0.000126970671650251,0.364572196085753,0.216016924703947,0.0327231177540268
"AGCTCTAGACGTTCCA-1",0.000185088407355162,0.0500194662464976,0.000185088407337891,0.0102249704360152,0.000185088407814159,0.000185088407337883,0.87841498683583,0.000185088407337886,0.0604151344444745
"AGCTCTTTACTCAGTT-1",0.000214991192437206,0.000214991192744911,0.104824662177855,0.318872529791212,0.000214991192170582,0.0373804222468733,0.537847429821217,0.000214991192744926,0.000214991192744906
"AGCTGAAGTAAACCAA-1",0.000159601900145794,0.0204771698406777,0.000159601900128587,0.0176307471121975,0.000159601900214567,0.000159601900128581,0.699272032673211,0.261822040873168,0.000159601900128597
"AGCTTGATCTTAACTT-1",0.000103508499729513,0.0403537153983848,0.000103508499797032,0.552194711556491,0.012198849847954,0.000103508499797029,0.354135128119251,0.000103508499797037,0.0407035610787987
"AGGACAGTCGAATCCC-1",6.46297963862571e-05,0.0159461293729601,6.63656011198171e-05,0.166009497710849,6.46297961531363e-05,0.0605346296502305,0.644985338486417,6.7655098385798e-05,0.112261124487498
"AGGACGACCCATTAGA-1",0.000148823321801421,0.00014882332217686,0.140885088881439,0.468335467387769,0.000148823322943274,0.000190886827459636,0.389831107185342,0.000162156428891693,0.000148823322176869
"AGGATAAAGTCGGGAT-1",0.000382176163443145,0.000382176163003633,0.119333992964256,0.175460957416078,0.000382176162996508,0.000382176163003636,0.40226590565685,0.000382176163003639,0.301028263147366
"AGGCCCTAGAACGCCA-1",0.000202906434679828,0.000202906434679814,0.0712602935219801,0.36401565662549,0.000202906433999825,0.0826357181360382,0.252819561836524,0.0709020697453738,0.157757980831234
"AGGCTATGGTTAGCTT-1",0.000134313573720309,0.113446396851887,0.0597989048923814,0.412073411993342,0.000457539607557129,0.0620464692482936,0.351774336686521,0.000134313573149111,0.000134313573149111
"AGGGCGAGCAGCTGAT-1",0.027992251629042,0.000243698804296508,0.0715851193022758,0.254114607976268,0.000243698803492139,0.000243698804296515,0.477690842287197,0.167642383588836,0.000243698804296509
"AGGGTGCTCTCGAGGG-1",0.000252747888063409,0.000252747888467575,0.0112863147577737,0.447439609058446,0.000252747888919537,0.273546691885888,0.123018716095618,0.000252747888467556,0.143697676648356
"AGGGTTCCCTTTGGTT-1",0.000288930116928382,0.138469654089219,0.000288930116985754,0.199415665715496,0.0707142312111463,0.000288930116985755,0.221340193854544,0.153725460784629,0.215468003994065
"AGGTAACCTCCTATTC-1",8.58748782585034e-05,0.000167957136580815,0.102781396407583,0.215788860132992,8.58748778073259e-05,8.58748779697666e-05,0.508712348821101,0.172205937989738,8.58748779697989e-05
"AGGTGTATCGCCATGA-1",0.000160962484637665,0.000160962486783322,0.136883870620751,0.563435162149596,0.00016096248676088,0.027934778044735,0.270941376753169,0.00016096248678333,0.000160962486783331
"AGGTTGAGGCACGCTT-1",0.000138036114621982,0.397971076622721,0.0536430968620952,0.0918294092470504,0.013007466700112,0.0105694147121554,0.432512120899398,0.000191342727874052,0.000138036113972272
"AGGTTTCACACACCTT-1",0.000367757402654848,0.0706997305170537,0.00241878873652626,0.140306733853198,0.000367757402652463,0.000367757402652454,0.580449070456027,0.204654646826582,0.000367757402652466
"AGTACGGCCCGTATCG-1",0.0001392203269198,0.000139220326919904,0.0312740334474124,0.0416604214384093,0.0589457001667339,0.0605823421322124,0.438689282609793,0.368267055728813,0.000302723822786886
"AGTACGGGCACCTGGC-1",4.86847390339874e-05,0.00195060144986257,0.0084827776293901,0.128166604932186,4.8684738932932e-05,4.86847390339919e-05,0.860772155636635,4.99547222853955e-05,0.000431851412639983
"AGTAGGTAACATACAT-1",0.0854451672082056,9.80413265305383e-05,0.0452745784823274,0.0405474018534884,9.80413266323357e-05,0.119123366745978,0.628340210383971,0.0809751513463359,9.80413265305024e-05
"AGTATAATACTAGGCA-1",0.000141612702342047,0.000141612703354003,0.000141612703354003,0.421006819469425,0.0174615156151824,0.00448845930479043,0.556332190524297,0.000144564273901089,0.000141612703353996
"AGTCAACACCACCATC-1",0.000108658433936192,0.0521938983650254,0.00645626935172871,0.648896884155501,0.000264623178962603,0.0541323346420099,0.206746440759148,0.000108658434044687,0.0310922326796436
"AGTCAGCCACCGCCTG-1",0.00021728399617998,0.118739764555979,0.000217283996179985,0.144730821963757,0.00021728399611727,0.000217283996200096,0.521737527627872,0.000217283996179978,0.213705465871535
"AGTCTGGACATCCTTG-1",0.000154969616809577,0.000154969616502968,0.000154969616503042,0.17382065548044,0.000154969616683877,0.000154969616502995,0.390081720260475,0.435167806559621,0.000154969616461817
"AGTCTTCTCCTCAAAT-1",8.32317297290358e-05,0.0270235165642953,0.000107670465811961,0.110677626266628,8.32317293510539e-05,8.32317293334832e-05,0.601489916527511,0.0237091049803102,0.236742470007029
"AGTGACCTACTTTACG-1",0.00017170249564629,0.000171702495123855,0.000171702494955662,0.409906253585099,0.000171702495311413,0.000171702496566933,0.588885337200612,0.000178194241729133,0.000171702494955683
"AGTGATTCAAGCAGGA-1",0.000236312672040902,0.176947608165971,0.0178572702290834,0.263934621603598,0.000236312672744387,0.000236312672080651,0.540078936640321,0.000236312672080644,0.000236312672080651
"AGTGCGTAGCTCGTAA-1",0.000203410087787186,0.0791971687628873,0.117222611802114,0.0896232177277358,0.000203410089337081,0.0552352261200499,0.282538467569606,0.0648268221439218,0.310949665696561
"AGTGGCGGCAATTTGA-1",0.000154551885221945,0.000154551883939432,0.0128513256505383,0.0906865885578655,0.000154551883573847,0.000154551883939446,0.400607737857859,0.435147778495915,0.0600883619011477
"AGTGGCTCCGTCGGCC-1",0.000217551169761109,0.000217551170158578,0.000217551169761117,0.279069486790805,0.000217551169765171,0.0781284213869803,0.454114441128815,0.000217551169761107,0.187599894844193
"AGTTAAACACTTGCGA-1",0.000245110966916745,0.0826478440337552,0.139130854257018,0.582022505837768,0.000245110967242184,0.0372195450448064,0.10142535554249,0.000245110967222143,0.0568185623827817
"AGTTACCCTTAAGACT-1",0.000194745269708595,0.403568793195879,0.000194745269708771,0.215325029517083,0.000194745269754088,0.000194745270099601,0.212749520841144,0.167382930096914,0.000194745269708775
"AGTTCCTATTTATGTT-1",0.000318666598447305,0.000318666598048433,0.0761491133070528,0.26332191748461,0.140135205000419,0.000318666598048438,0.315272101214759,0.000318666598048374,0.203846996600567
"AGTTTGGCCAGACCTA-1",0.11207545026331,0.0252170600753147,0.00627082403371797,0.274080457072379,0.000215356952959555,0.000215356952397256,0.581448806365975,0.000261331331549138,0.000215356952397249
"ATAAACGGACCCGTAA-1",0.000223545184731425,0.135272660270392,0.0129709192725783,0.444440669997079,0.000224200475941637,0.000223545184409846,0.0995329259136992,0.306887988516758,0.000223545184409842
"ATAAATATTAGCAGCT-1",6.66097073229617e-05,6.66097071748569e-05,0.0651853671954478,0.657386957762456,0.0156537218268105,0.0417592742545664,0.219748240131871,6.66097071748711e-05,6.66097071748575e-05
"ATAACGCCGGAGGGTC-1",0.000178545573591068,0.000178545573044193,0.000178545573044192,0.00745940328121244,0.000178545572748666,0.000178545573044192,0.553555193276153,0.328812906850058,0.109279768727103
"ATAACGGAGTCCAACG-1",5.51122066848992e-05,0.148429386706425,0.00010262310341466,0.025241226440612,5.51122066077865e-05,5.51122065714284e-05,0.577531451088142,0.211155313632929,0.0373746624086125
"ATAAGGTGGAGAACAT-1",0.000398662940510919,0.0579710213432551,0.21717305667094,0.364849331308634,0.000398662940286381,0.000398662940316798,0.000398662940316796,0.0392718143084656,0.319140124607274
"ATAAGTTACCGCGACG-1",0.000187243591733146,0.000187243591855148,0.000187243591755943,0.339373575888889,0.00018724359179225,0.00018724359175612,0.609280786109036,0.0502013719897355,0.000208048053447014
"ATAATAGCTGTTGAAT-1",0.000262909767030677,0.000262909767092844,0.0567537112689282,0.486181336945797,0.000262909766994396,0.000262909767092848,0.440075855111427,0.0156745478385444,0.000262909767092853
"ATACCACGGGCAACTT-1",0.0535351278900497,9.33808058563311e-05,0.0570197778035456,0.538619909292837,9.33808051922159e-05,0.196287773689006,0.151744552410814,0.00251271649684305,9.33808058563248e-05
"ATACGCCGGCGAAACC-1",6.38559693981362e-05,6.38559693984089e-05,6.38559693984225e-05,0.0579267785742076,6.38559695626108e-05,6.38559693984068e-05,0.94150690816555,6.38559693984453e-05,0.000183177443687862
"ATACGGGTTTCGATTG-1",0.000233371919131654,0.191602343930015,0.101963003670604,0.108694125288988,0.000233371919125272,0.00023337191909524,0.44255663719294,0.154250402241005,0.000233371919095264
"ATACTAGCATGACCCT-1",0.0250056575126397,0.151766282884513,0.00213496790268474,0.160382268878811,0.000148384834567908,0.0126370582101133,0.52494850924328,0.117275885772654,0.00570098476073665
"ATAGACAACGGGACCT-1",0.000100124975653398,0.162736661214943,0.000100124975652865,0.0675186221942495,0.000100124975913443,0.000100124975652865,0.70083236528998,0.0683906423691037,0.000121209028851615
"ATAGAGTACTGGGACA-1",5.99881790596676e-05,0.0597893451667876,0.0235973951765019,0.175489239703202,5.99881805252392e-05,0.0262826998242226,0.714348821032793,6.70996639375835e-05,0.000305423072970674
"ATAGAGTTATCAACTT-1",0.000103648750385773,0.0674873957331196,0.00015283481013047,0.0748144991654598,0.000103648750404079,0.000103648750525317,0.656414002015424,0.130298624151838,0.0705216978727131
"ATAGGCGGCTATAGAA-1",0.000134114010248993,0.0678239470544022,0.0351945979776504,0.144094897111419,0.0803517072093498,0.000134114010345017,0.552807449189231,0.119323655210991,0.00013551822636368
"ATAGGGATATCCTTGA-1",0.00139054003196871,0.358820804277452,0.00018461191758796,0.155771047814117,0.000775507586159332,0.0296038564294447,0.453176104213312,0.000128947606468963,0.000148580123488531
"ATAGTGAAGCGTTCTC-1",0.0001433736432752,0.000143373643275424,0.000143373643275422,0.340331972356055,0.00967804229377985,0.000143373643275414,0.649118908482241,0.000154208651547598,0.000143373643275423
"ATATTCAGTTAAACCT-1",0.000174010238342558,0.000174010240581995,0.000174010240581992,0.117352062670646,0.00892660557621403,0.000174010240581993,0.872593226306445,0.000258054246024468,0.000174010240581987
"ATATTCCACATAGTGA-1",0.119539846734497,6.50332940678998e-05,4.63284386710265e-05,0.000289007372350118,4.63284384044698e-05,4.63284385518602e-05,0.784162716781129,0.0957399677978894,6.44427044385976e-05
"ATCACATTAGAATATC-1",9.0901104670103e-05,0.0377327837629229,9.09011045047154e-05,0.0982720817296762,9.09011046193959e-05,0.0376188011996495,0.443975384224965,0.0134149223510344,0.368713323417957
"ATCACGTGCTAATTAA-1",0.000155757117733801,0.000155757117850624,0.0729037734647232,0.257143296314314,0.000155757117864886,0.000155757117688368,0.50360546656222,0.000155757117850831,0.165568678069755
"ATCACTTCATCCTCGC-1",0.0163956641726472,0.0747494183857332,0.0431774039245017,0.283743165315776,0.0186862968366382,0.0598527169303961,0.440043247035662,0.0155463909732037,0.0478056964254427
"ATCAGACGGCACGCCG-1",0.000246306693315939,0.0534310664171124,0.000246306693316813,0.118271161758914,0.000246306693396669,0.000246306693316812,0.521546826971736,0.305519411385574,0.000246306693316825
"ATCAGTAGGCAGGGAT-1",6.97379505969859e-05,0.0476799519758831,7.82640406314499e-05,0.0643460671024236,6.97379505621392e-05,6.97379506038288e-05,0.781612708299453,0.0352700574998806,0.0708037372299655
"ATCATCCAATATTTGT-1",0.000174664692890254,0.0276663545660157,0.00017466469286137,0.122328841059283,0.000174664692976402,0.000174664692861365,0.848677902402673,0.000453578507577663,0.000174664692861377
"ATCCAATGGAGGGTCC-1",0.000274098470466953,0.000274098470462758,0.0388363074185737,0.13423517210967,0.000274098470462756,0.0360321203708757,0.639694235937727,0.150105770281298,0.000274098470462753
"ATCCAGAGCAACAACC-1",0.000381581916205803,0.0835727287061021,0.000381581916332618,0.0497354056295272,0.000381581916332614,0.0689205129519,0.564184376744435,0.232025575147739,0.000416655071425277
"ATCCAGGATTCGTGAA-1",0.000139802694870644,0.00015299226079151,0.290743561075389,0.270194721010715,0.000149950090005811,0.000139802696745172,0.43817830646731,0.000161061007427145,0.000139802696745278
"ATCCTACCTAAGCTCT-1",0.000151113066056707,0.000151113065034439,0.000151113065034448,0.180187434362939,0.000151113065203674,0.000151113065034435,0.81874892894699,0.000156958298673105,0.000151113065034407
"ATCCTGAATCGCTGCG-1",0.000106903331161369,0.0204828063081755,0.13971998288839,0.681227373043619,0.000198693312204212,0.0281012401963596,0.129949194253598,0.000106903333245942,0.000106903333245935
"ATCGACCCAATACAGA-1",0.000179525412178589,0.000179525413004293,0.000179525412387135,0.273608577431318,0.000179525412387073,0.000179525412337856,0.72503769020793,0.000250179052291671,0.000205926246165257
"ATCGACTCTTTCCGTT-1",0.000129932363934493,0.0435217415248991,0.000132806638949126,0.157810028550098,0.000129932363933708,0.000129932363933703,0.797885761466384,0.000129932363933704,0.000129932363933719
"ATCGCACGCCGGGAGA-1",0.000468086937950991,0.0581144590372732,6.19020258343671e-05,0.0807688266304273,4.480482157325e-05,4.48048214737447e-05,0.760067853573599,0.00365638140160018,0.096772880750268
"ATCGGAGACAGACGGC-1",5.73581906981557e-05,0.03073503927553,7.30048483039591e-05,0.125911836660931,5.7358190759531e-05,5.73581907853915e-05,0.0631753137794219,0.545249679289422,0.234683051574148
"ATCGGTTACCTAGTAA-1",0.000265968188509694,0.000265968188509712,0.000265968188509712,0.150657217125022,0.000265968188395533,0.000265968188509713,0.534264490006334,0.3134824837377,0.000265968188509743
"ATCTCCCTGCAATCTA-1",0.000137804170291006,0.000141965885886812,0.127380864865441,0.171544790764002,0.000137804171061934,0.000137804170189951,0.404550708874524,0.0174138541227589,0.278554402975845
"ATCTGGTTAAGACTGT-1",0.0266804754428821,0.0974089590879595,8.14239791140582e-05,0.113827771068987,0.0546530580858479,8.14239791140613e-05,0.504646660827109,0.140835958387178,0.0617842691418087
"ATGAAGCCAAGGAGCC-1",9.12814933437955e-05,0.0102224062145764,9.12814951515135e-05,0.254117868631354,0.0141209349468813,0.0122512381700076,0.679821389101114,9.12814951515085e-05,0.0291923184524203
"ATGAGGAGTGTTAATC-1",0.000133572559631219,0.0001335725613406,0.00193338283784407,0.226231729500714,0.000133572561340598,0.0351017527173969,0.735984858532298,0.000133572561340606,0.000213986168093947
"ATGATGCAATGGTACA-1",9.74265921406773e-05,0.000211220011117667,0.472957467957796,0.038257164820747,9.74265917411454e-05,9.74265916802962e-05,0.488063165007249,0.000110732677761099,0.000107969749767178
"ATGCATGATCCAGGAT-1",9.84744731338634e-05,0.0451023467706008,9.84744731328159e-05,0.0973114643358947,9.84744731328149e-05,9.84744731328129e-05,0.856770370247513,0.000112454451666989,0.000309466301791861
"ATGCCGGTTGATGGGA-1",8.77489108769505e-05,0.0684385638883493,8.77489108767946e-05,0.15263945536228,8.7748910958188e-05,8.77489108768229e-05,0.525338490479246,0.253128269226544,0.000104225399991955
