"","B_cells","Endothelial_cells","Fibroblasts","Macrophages_and_MDSCs","Mast_cells","NK_and_T_cells","SMCs_Fibroblasts_Hybrids","SMCs_maintype","SMCs_subtype"
"AAACAACGAATAGTTC-1",0.000134906539187586,0.0698585863181036,0.0861146509108347,0.0301444068319459,0.000134906539187579,0.0332254637200884,0.418040576942988,0.267377872889415,0.0949686293082488
"AAACAATCTACTAGCA-1",0.000251919823807969,0.050557218629749,0.0329720186638675,0.0174438212221691,0.00025191982337151,0.000251919823807975,0.664696202738934,0.233121606518363,0.000453372755930238
"AAACGCCCGAGATCGG-1",0.000100310092242545,0.0409762095811635,0.000100310092243064,0.000100310092243065,0.000100310091712203,0.000100310092243069,0.670696743502475,0.193592868887798,0.0942326275678793
"AAACGGTTGCGAACTG-1",6.50783304699391e-05,0.233195847080065,0.651928038458521,0.0538366704787956,6.50783311548653e-05,0.0396361995080999,8.51029686080794e-05,0.0210260968795994,0.000161887964685907
"AAACTAACGTGGCGAC-1",0.000106910815515173,0.000106910815515184,0.000106910815515174,0.00803191113721093,0.000106910815515178,0.000106910815515176,0.721277579150792,0.168220770235684,0.101935185398737
"AAACTCGGTTCGCAAT-1",0.110869189417961,0.357912407755525,0.360733874660822,0.143330244879351,0.00012980049310067,0.000129800492763547,0.000194101636109029,0.0265707801716041,0.000129800492763546
"AAACTCGTGATATAAG-1",0.00014003937245692,0.18234671575356,0.3957331537561,0.137068852140211,0.0292638766053041,0.00014003937245692,0.000490165760094906,0.152068566997198,0.102748590242617
"AAACTGCTGGCTCCAA-1",6.26874823686543e-05,0.0107878637807743,6.26874823689939e-05,6.26874823689941e-05,6.26874819703903e-05,6.26874823690143e-05,0.743840178309017,0.144824359067419,0.100234161431343
"AAAGACTGGGCGCTTT-1",9.01468370577649e-05,9.0146837057765e-05,0.118806051726845,0.105646608595465,9.01468370577661e-05,9.01468370577652e-05,0.325130225261093,0.347643234772722,0.102413292295644
"AAAGGCTACGGACCAT-1",0.00142115541468592,9.6479131369124e-05,9.64791313691156e-05,0.0301368280857245,9.6479131238833e-05,9.64791313691142e-05,0.967854337273577,9.64791313691223e-05,0.000105283569296935
"AAAGGTAAGCTGTACC-1",6.62137005667172e-05,6.621370056672e-05,6.621370056672e-05,0.0106259268187818,6.62137005360019e-05,6.62137005667183e-05,0.47756015342494,0.449840370889509,0.0616424803639657
"AAAGGTCAACGACATG-1",9.62913772557237e-05,9.62913772557265e-05,0.0138909980757583,0.0544811055635275,9.62913772557217e-05,9.62913772557232e-05,0.214680273332692,0.716391805295954,0.000170652223045328
"AAAGTAGCATTGCTCA-1",0.000135135225507072,0.139407268717347,0.361867214395632,0.177112977986414,0.0316426710971703,0.000135135225507078,0.162828960182676,0.0513214067412295,0.0755492304285162
"AAATCGTGTACCACAA-1",0.0244972158975792,6.58220221529611e-05,6.58220221530331e-05,0.00122474713781936,6.58220221529635e-05,6.58220221529606e-05,0.665699308482099,0.296704401094145,0.0116110392997453
"AAATGATTCGATCAGC-1",0.00624089146756631,9.05642058138996e-05,9.05642058139089e-05,9.05642058139086e-05,9.05642056724026e-05,9.0564205813909e-05,0.0332942249214034,0.959876752985627,0.00013530959647486
"AAATGGCATGTCTTGT-1",0.000170799808157199,0.370126035447727,0.208498017566421,0.0607683125063346,0.000117838367079954,0.228067240334792,0.0109037816004437,0.0998219724849629,0.0215260018840812
"AAATTACCTATCGATG-1",9.4052980884259e-05,9.40529808842434e-05,9.40529808842475e-05,0.0284273609750958,9.40529804925223e-05,9.40529808842446e-05,0.386055948857714,0.490634877766703,0.0944115474964582
"AAATTGATAGTCCTTT-1",9.52596760669646e-05,0.000138134259309955,0.0412295119432931,0.0596949035208224,9.52596756112164e-05,0.0410308038724678,0.411534951867177,0.353691203387921,0.0924899717973308
"AAATTTGCGGGTGTGG-1",0.0001433603479559,0.10221949830443,0.321041246568958,0.256729437601061,0.000143360347955916,0.000143360347955918,0.219737538803529,0.0996715516586813,0.000170646019472317
"AACAATACATTGTCGA-1",0.000134133957353117,0.0765737036878092,0.128340669364089,0.000134133957448722,0.000134133957414119,0.238596502260068,0.0608303355812287,0.49512225327714,0.000134133957448749
"AACAATTACTCTACGC-1",9.39372710310973e-05,9.393727103109e-05,9.39372710310962e-05,0.00256424111617457,9.39372710310821e-05,9.39372710310958e-05,0.74715258499747,0.249640313205023,0.000173174326176913
"AACACACGCTCGCCGC-1",0.00013616372056382,0.217229634379393,0.382785388966425,0.114652011931458,0.000136163717022703,0.154007661799189,0.000139573499402197,0.112352381723801,0.0185610202627458
"AACAGCTGTGTGGCAA-1",0.00130388181999406,0.197764903158594,0.0626607204149774,0.00012806895315522,0.0383499338918813,0.000128068953155049,0.354095463973466,0.0723502197718542,0.273218739062922
"AACAGGATGGGCCGCG-1",9.87702697123608e-05,0.0179504745165131,9.87702697117876e-05,0.00312382468689598,9.87702693327081e-05,9.87702697109249e-05,0.321580551649065,0.656784502212281,0.000165565856777451
"AACATATCAACTGGTG-1",8.88517686174456e-05,0.080792751477084,0.0584583345629621,0.0542958733726199,0.023049551352928,8.88517686174452e-05,0.202058741935947,0.440702292329434,0.14046475143179
"AACATCGATACGTCTA-1",6.22183393933656e-05,0.0182627228610332,0.0355753217596246,0.0878815014491436,6.22183389522855e-05,0.0366726480174699,0.110914274582294,0.710361093572299,0.000208001079790337
"AACATTGTGACTCGAG-1",6.34030020314096e-05,0.0596477714307783,0.000116092470620618,0.0379327146122714,6.34030024887913e-05,6.34030020313249e-05,0.901875503526971,8.28955137154103e-05,0.000154813439091771
"AACCCAGAGACGGAGA-1",6.67298947470696e-05,6.67298948904317e-05,6.67298948904388e-05,0.00050877920946821,6.6729894890434e-05,6.67298947509668e-05,0.755025404808576,0.201362829720876,0.0427693367869103
"AACCCGACAACCCGTG-1",4.32014741021553e-05,0.0771085570622002,0.565254829450948,0.100475172136083,0.0842545511422793,4.32014741021535e-05,0.00018300872976378,4.32014741021535e-05,0.172594277056419
"AACCCTGGTGGAACCA-1",0.000103638892045458,0.204418530411347,0.500808183758779,0.0550264869777825,0.00383158438101218,0.0140328052823787,0.0673360971271313,0.154172046850053,0.000270626319471477
"AACCGAGCTTGGTCAT-1",0.0597100473312534,0.407169557481042,0.305370866653305,0.0452017699875288,0.000129107132965359,0.0243549358885561,0.000159337681332315,0.157775270709713,0.000129107134304265
"AACCTCGCTTTAGCCC-1",0.000142478090707203,0.27018535130504,0.513363474654925,0.215596305495751,0.000142478090748138,0.000142478090707242,0.000142478090707269,0.000142478090707235,0.00014247809070725
"AACGCGACCTTGGGCG-1",6.30683719343942e-05,0.102056170401614,0.828346636806711,0.069218782561842,6.30683701615937e-05,6.30683719343936e-05,6.3068371934413e-05,6.30683719344004e-05,6.30683719343954e-05
"AACGCTGTTGCTGAAA-1",0.000145914797634166,0.193720674647465,0.229117232191871,0.024181161062767,0.00403455790502982,0.013516120511126,0.000145914797631802,0.534951801633216,0.000186622453259576
"AACGGACGTACGTATA-1",0.03620471471123,0.22136627439272,0.661086464817192,0.0808549485153652,9.71632741100227e-05,9.71632742506178e-05,9.71632742506226e-05,9.71632742506162e-05,9.89444666313759e-05
"AACGGCCATCTCCGGT-1",0.000135757049463251,0.0880753703895251,0.167614456368047,0.0763678024294404,0.000135757049245992,0.0480433684902087,0.52884699222778,0.0906447389468263,0.000135757049463267
"AACGTACTGTGGGTAC-1",0.00655651548358728,0.0674016956815213,0.182293331252411,0.034112764813406,0.000184557595222648,0.000184557594930552,0.212379008121194,0.255588913108009,0.241298656349718
"AACGTAGTCTACCCAT-1",0.000149056282856879,0.105226478384061,0.0528345397826368,0.0143520904908455,0.000149056282856879,0.000149056282856877,0.396390299323729,0.4306003668873,0.000149056282856875
"AACGTCAGACTAGTGG-1",9.32296375485144e-05,0.00593010125974978,9.32296375485154e-05,0.0169752634191159,9.32296375485043e-05,9.32296375485166e-05,0.700300621692991,0.276229759884825,0.000191335193124252
"AACGTTATCAGCACCT-1",8.78478472257432e-05,0.00665052013904915,8.78478472257379e-05,0.0225183703425973,8.78478472257458e-05,8.78478472257392e-05,0.193728880066339,0.776612490972504,0.000138347090607919
"AACTAGCGTATCGCAC-1",4.740031768158e-05,0.245056640969935,0.51099873789823,0.0675066019135174,0.00417528795594661,4.74003176815799e-05,0.0725542228466854,0.0993949175664739,0.000218790213849135
"AACTCGATAAACACGT-1",6.28403223663057e-05,0.0207421923228444,6.28403223663049e-05,6.28403223663043e-05,6.28403223663067e-05,6.2840322351136e-05,0.481811311406044,0.496791288609503,0.000341006049792577
"AACTGAGGTCAGCGTC-1",0.0174676674601321,0.0161112870598014,0.0197355418803924,0.0232100587674137,9.53009289703395e-05,9.53009289703434e-05,0.363509416661392,0.478566914862331,0.0812085114505973
"AACTGGTGTGGGCCTT-1",0.000285636789326403,0.175614837778973,0.120998318757851,0.0606404598721329,0.000285636789326415,0.108267559632821,0.225053052227725,0.286495074610126,0.0223594235417181
"AACTTGCCCGTATGCA-1",8.91303728616288e-05,0.00405354921789202,8.91303728617021e-05,8.91303728617017e-05,8.91303728617127e-05,8.91303728617453e-05,0.880549122042436,0.114837189584592,0.000114487290771329
"AACTTTAGCTGCTGAG-1",0.000198734439805665,0.271469111292665,0.334696291323784,0.0553784579673636,0.0001987344398056,0.013042165959719,0.000221787286992815,0.175627440129436,0.149167277160428
"AAGAGATGAATCGGTA-1",8.60792179727908e-05,0.00645310633585759,8.6079217972792e-05,0.0491067800894893,0.00272094545257554,8.60792179727926e-05,0.941288772032213,8.60792179727921e-05,8.60792179727938e-05
"AAGATTGGCGGAACGT-1",0.000124785029691878,0.000124785029691874,0.13411329687959,0.0890714479296133,0.00138009049696746,0.00402698794306217,0.302314269912423,0.294789138975408,0.174055197803553
"AAGCACCCTGCGTATC-1",5.68558962129255e-05,0.0232253886085051,5.68558962126886e-05,5.68558962127702e-05,5.6855896117001e-05,5.68558962127716e-05,0.976374997063167,5.68558962127716e-05,5.84789511470951e-05
"AAGCGCAGGGCTTTGA-1",0.0196899272570027,0.180955422769926,0.571586293504726,0.0744854954357339,4.01828699789843e-05,4.01828700503408e-05,6.22137244443021e-05,0.083809594214256,0.0693306873538814
"AAGCTCTTTCATGGTG-1",6.37409534875036e-05,0.0314577217110171,0.090829852806649,0.00865432058374869,6.3740953487507e-05,6.37409534875072e-05,0.40311589053796,0.366265651312286,0.0994853401878762
"AAGGCGCGTAAAGCTT-1",8.96293278937562e-05,0.0207870504001709,8.96293278937583e-05,0.0116614167577717,8.96293278937568e-05,8.96293278936863e-05,0.446158975870931,0.434864347109279,0.0861696925502728
"AAGGGACAGATTCTGT-1",9.35006110251833e-05,0.0184281048119812,0.0647178418734884,0.0292322963432183,9.3500610900766e-05,9.35006110245955e-05,0.348163498874205,0.501069029057655,0.0381087272065006
"AAGGGACTATGCATTC-1",8.9693321772696e-05,0.141852819002927,0.0105902214359042,0.0618541313894497,8.96933218121591e-05,8.96933217727039e-05,0.555695927409109,0.229489865837144,0.000247954960108366
"AAGTAAGCTTCCAAAC-1",0.02176641522147,0.0180584273944463,0.000148974655208646,0.00693249071794252,0.0257110952618654,0.0396582581736793,0.567132652861369,0.320400044719217,0.000191640994802469
"AAGTGAGTCGGGTTTA-1",5.96764466993148e-05,0.0525332347385898,5.96764466992854e-05,0.0146293096223302,0.00476713574953222,5.96764466993147e-05,0.927688582488126,6.53826535272967e-05,0.000137325407796185
"AAGTGCAAAGGTAGAC-1",8.77864819178934e-05,0.260415495220508,0.486215219298056,0.00912097602422134,8.77864819178945e-05,0.0369589932750641,0.000221436511073484,0.20666115102141,0.000231155685831507
"AAGTGCGTTAGAATCT-1",4.80153885302412e-05,0.105978702563868,0.798413941832873,0.0589695277249957,0.0233773515885695,4.80153885302421e-05,0.000165973425642626,0.00983828578329513,0.00316018630369546
"AAGTTCACTCCAAGCT-1",0.0332444483011925,0.0138717786443396,0.131463376128961,9.73755914556498e-05,9.73755914556389e-05,9.73755914556472e-05,0.486176828879151,0.334753695447011,0.000197745824978198
"AAGTTCGGCCAACAGG-1",0.00974613165935657,0.0582489932513445,0.408382224875175,0.129412627053697,9.30255842693629e-05,0.0181219666304551,0.19891177695051,0.030357365053163,0.14672588894203
"AAGTTTATGGGCCCAA-1",0.0002062805463178,0.316531788516219,0.273826878165606,0.172261338537789,0.000199112141740893,0.111745080539642,0.000199112141740896,0.0984877769733221,0.0265426324376219
"AATAAGTCCTCGAGAC-1",5.92913516237161e-05,0.0741888162210226,0.4023606135025,0.111525279324288,5.92913516578282e-05,5.92913516237182e-05,0.0114032363503994,0.100335683167485,0.3000084973794
"AATACCGGAGGGCTGT-1",0.00010655121240166,0.228647470650407,0.57228001982058,0.0230700106335561,0.00368508445048941,0.000106551212401645,0.000106551212401658,0.142289627073011,0.029708133734751
"AATAGAATCTGTTTCA-1",0.00984941969446093,0.0350537284351906,0.080038999766722,0.0383098479605055,9.13025469348659e-05,9.13025469348675e-05,0.403160294772278,0.359707608935409,0.073697495341565
"AATAGCAAGCCTCCTG-1",0.000107381373799029,0.0139469562475542,0.00069690427142812,0.0051524545271096,0.000107381373799029,0.000107381373799032,0.385370903014603,0.491901885432863,0.102608752385045
"AATAGCTACCGCGTGC-1",9.70513708156797e-05,0.00481813091608013,9.70513708156797e-05,0.0126644690596109,9.70513708156803e-05,9.705137068323e-05,0.312770655478255,0.669175517948162,0.0001830211147609
"AATATCAAGGTCGGAT-1",9.53231809043576e-05,0.00745620861551057,9.5323180904359e-05,0.0343359203824404,9.53231809043577e-05,0.0015243048873271,0.563722036173822,0.392492009160754,0.000183551237432998
"AATATCGAGGGTTCTC-1",8.59666026261325e-05,0.0113055600256648,0.293411439765745,0.110542066588643,8.5966602495592e-05,8.59666026261292e-05,0.485639835644261,0.0987310695381038,0.000112128629834074
"AATCCAAGGGCCTGAG-1",0.0248158936824232,0.673822746792203,0.0725096738673327,0.00851347780538475,8.20148770810342e-05,8.20148770810345e-05,0.0343190865506643,0.185744100661172,0.000110990886657528
"AATCTATGCCGGAGCC-1",0.0455041381017519,0.535373812503159,0.220391141799859,0.0578264419696123,0.000133237227568912,0.000133237227566404,0.000137235829461158,0.14036293722182,0.000137818119201678
"AATGACAGCAATGTCT-1",3.22307174732408e-05,0.0923284420634986,0.675601811509421,0.125735743901936,3.94136901716178e-05,3.22307174978701e-05,0.0633302165223238,0.0428616693058976,3.82415717808112e-05
"AATGACGTAGGATGTC-1",0.0014866724447888,0.0293755494868468,0.000100141127687657,0.0102047480079154,0.000100141127687659,0.00549878653860387,0.564813351394433,0.341583167250543,0.0468374426214946
"AATGATGATACGCTAT-1",8.89935733593917e-05,0.0110043628511914,8.89935733593952e-05,0.0503593416164716,8.89935733593932e-05,8.89935733593931e-05,0.712219934579813,0.137008199458764,0.0890521872003214
"AATGATGCGACTCCTG-1",4.42612391985801e-05,4.42612391985786e-05,4.426123919858e-05,4.42612391985802e-05,0.00385008772345504,4.42612391985778e-05,0.641565627218109,0.304485031777463,0.0498779470849798
"AATGGTCCACCGTTCA-1",0.000145765254208732,0.0524946724453357,0.304271199472577,0.2613131294205,0.00473237748448172,0.000397367501560668,0.0686913550293173,0.246390069209267,0.0615640641827515
"AATGGTTCTCACAAGC-1",0.0568817751263516,0.0534796871335143,8.38992007732939e-05,0.0652555791844625,8.38991976202073e-05,8.38991976202033e-05,0.823957300182091,8.38991976202047e-05,9.00615799470993e-05
"AATGTGCCCGAGGTGT-1",0.0353080238826671,0.147115620411652,0.254165020029503,0.0242612992814296,9.20739852312954e-05,9.20739855809917e-05,0.456017830667363,0.0827775769143415,0.000170480842231552
"AATGTGCTAATCTGAG-1",0.112531178081191,0.248155000271254,0.329618188990856,0.00807917187958732,0.000244352549095487,0.000244352549096851,0.000261867932605467,0.300597430141492,0.000268457604821729
"AATTAAAGGTCGGCGT-1",0.0394991160365097,0.344345648219523,0.339951983830153,0.0652243838554523,0.000124677322188347,0.0784279295090912,0.000167134895722918,0.132134449008388,0.000124677322972159
"AATTACTCGTACGCTC-1",6.44913205981391e-05,0.00985560907791268,6.44913205981393e-05,6.4491320598139e-05,6.4491320441327e-05,0.000865097559244076,0.441274858206901,0.46918401533477,0.078562454538936
"AATTCATAAGGGATCT-1",0.00412081736491149,6.87445126424444e-05,6.87445126424616e-05,6.87445126424645e-05,0.00618203391514584,6.87445126424592e-05,0.948343459907003,0.0408839421873727,0.000194768574997087
"AATTCCAACTTGGTGA-1",0.000107934142567991,0.000107934142568002,0.000107934142567994,0.000107934142567995,0.00320141887745824,0.0129165364248875,0.603899738254287,0.338510728283283,0.0410398415898115
"AATTCCAAGCATGTAC-1",9.0589038794796e-05,0.160396146798429,0.518355667217088,0.0505084911914698,9.05890390294224e-05,0.234404447513537,0.00010979156477213,9.05890387948008e-05,0.0359536885980852
"AATTCGATTCGAGGAT-1",0.00354517187570244,0.464545417321636,0.455159468604735,0.0229325008581648,6.35892791106049e-05,0.0125824502492841,6.35892803468816e-05,0.0367073581056378,0.00440045442538195
"AATTGAACGCTCTGGT-1",9.09009492626297e-05,0.00839730180954713,0.0235289335653104,0.0357205403736106,0.00579265390513919,0.00557366621760757,0.270877448610163,0.633648304689589,0.0163702498797713
"ACAAACCGACAAGGCG-1",0.0352608039340468,6.10141051628104e-05,6.10141051628134e-05,0.0126245767901191,6.1014105162797e-05,6.10141051628162e-05,0.520294794883643,0.431365888004965,0.0002098799665749
"ACAAATCGCACCGAAT-1",9.25233840049371e-05,0.133055082647352,0.106284222306708,0.0832853305110666,0.00283635241539861,9.25233840049371e-05,0.613124053666126,0.0608813846393869,0.000348527045952053
"ACAAATGGTAGTGTTT-1",9.73223131178905e-05,0.168458865652764,0.488793906082256,0.184402137150493,0.00586302274625043,9.73223131178892e-05,0.000140669533650692,0.113930905790444,0.0382158484179067
"ACAAGCAGTGCCTAGC-1",6.40699046392798e-05,0.0312530744062885,0.000562011137663507,0.00591767223786966,6.40699053268488e-05,6.40699046392811e-05,0.215697167839015,0.722177161590169,0.0242007030743891
"ACAAGGACAAGAGGTT-1",9.13669212444431e-05,0.0224373860675536,0.337169934262032,0.0432019728209747,9.13669211188605e-05,9.13669212444446e-05,0.335791411664164,0.258325959031753,0.00279923538991418
"ACAAGGATGCTTTAGG-1",6.24147931581512e-05,0.102113593021206,0.388975186236863,0.508298515522984,0.000100163769079279,0.000262882277235518,6.2414793158115e-05,6.24147931581237e-05,6.24147931581235e-05
"ACAAGGCCTACCAGCC-1",0.00053158015263701,4.27549768962258e-05,0.0246281201354133,0.00109751462574357,4.26445838929424e-05,4.26445834531038e-05,0.534952178102561,0.372643264551862,0.0660192982875405
"ACAAGGGCAGGCTCTG-1",9.4288217828731e-05,0.00891279926913571,9.42882178287304e-05,0.0140661219518313,0.0016823026507283,9.4288217828731e-05,0.567637296037182,0.407051481006771,0.000367134430865565
"ACAATGAATACGGAGA-1",0.000215653521687339,0.000272720705765091,0.254905121613447,0.112246202315697,0.000215653521896135,0.000215653521644926,0.192740815854434,0.272795960200367,0.166392218745061
"ACAATGATTCTTCTAC-1",4.60340230507212e-05,0.00313759734147056,0.0161847666058876,0.00240345566183585,4.60340230507889e-05,4.6034023050789e-05,0.303540918251476,0.633596241112641,0.0409989189575358
"ACACATTGACGCAACA-1",9.6557726664235e-05,0.00648721792298139,9.65577266642375e-05,9.65577266642377e-05,9.65577266642381e-05,9.65577266642376e-05,0.208204632351441,0.769823670611495,0.015001690480761
"ACACCCGAGAAATCCG-1",6.23305005330164e-05,6.23305005330148e-05,6.23305005329622e-05,0.00237463614218178,6.23305005330157e-05,6.23305005329946e-05,0.954087170830425,0.043140193090898,8.63474338298499e-05
"ACACCGAGCGCTCTTT-1",0.000131344788494138,0.000192308874496409,0.0670188605220925,0.127711297140907,0.000131344788494136,0.0247794792467192,0.29773108571279,0.482172934137513,0.000131344788494127
"ACACCTTAAGTAGGGC-1",8.67618371997093e-05,0.392146213142993,0.309294117380363,0.115224379217009,8.67618371997058e-05,0.051392123171529,0.0388755102463302,0.0928073713301763,8.67618371997093e-05
"ACACGGCACTATGCAT-1",6.56533813747162e-05,0.0404339424146563,0.512382677357006,0.0634238017751235,6.56533797531994e-05,0.00607548542203341,0.144977279835035,0.000113788247120731,0.232461718187897
"ACAGAACTGAGAACAA-1",3.4540929045249e-05,0.00864008337398704,0.824332271765921,0.039771457180076,3.45409290515466e-05,3.45409290452365e-05,0.000118648435923955,0.122063424826241,0.00497049163070926
"ACAGCGCACCCGCAGC-1",0.0372890032218971,0.084094152032598,8.79827588704748e-05,0.112902857186838,8.79827588704694e-05,8.79827588704649e-05,0.765213152543485,8.89290888512522e-05,0.000147957649719028
"ACAGGCTTGCCCGACT-1",6.33026445765754e-05,6.33026445765708e-05,6.33026445765754e-05,0.000986080213031467,6.33026444622457e-05,6.33026445765758e-05,0.427285937607823,0.414816173288665,0.156595295667712
"ACATCGATCGTTTACC-1",6.30459748335161e-05,0.00454705344006565,6.30459748335163e-05,0.000951567747890295,6.30459748335175e-05,6.30459748335514e-05,0.220391533963052,0.675742180956458,0.0981154799931997
"ACATCGTATGCAATGG-1",9.78499137457011e-05,0.00837972771785825,0.00552972766832735,0.00656320521265787,9.78499137450481e-05,9.78499137450451e-05,0.225516632201382,0.709714993853176,0.0440021636053627
"ACATCGTTAACCTAGT-1",9.78816775959765e-05,0.046138141109876,0.00534526636140312,0.0170310549767795,9.78816771314708e-05,9.78816775959765e-05,0.758759178158596,0.172322493407784,0.000110220953237686
"ACATCTCAACGCGTAA-1",0.00013870382588961,0.0841978319434015,0.0309330593525339,0.0136165173748874,0.0102085645023652,0.00013870382588961,0.547515084684455,0.22604845380741,0.0872030806831674
"ACATGGCTCAATTTAG-1",0.000133013062061069,0.118699056663114,0.00155480108207095,0.0147134061991643,0.00013301306208429,0.000133013062061082,0.369655025721627,0.340745304068693,0.154233367079124
"ACCAAACACCCAGCGA-1",0.0503175217513524,0.0643859721547385,0.574113139123583,0.0754926262313009,6.6429243917756e-05,6.64292439007314e-05,0.000248109607832287,0.23521734570224,9.24269411340308e-05
"ACCAAACTAGAAATCC-1",7.09674894884193e-05,0.576272749649628,0.18901358593836,0.0426915301216939,5.26811609078946e-05,5.26811607940461e-05,0.100171609250752,0.0916057210923099,6.84741360653282e-05
"ACCAACACCACACACT-1",6.79673441297797e-05,6.79673441297737e-05,6.79673441297775e-05,0.00693257728848026,6.79673434330001e-05,0.00214824473149057,0.385904268234767,0.561170970399094,0.0435720699703454
"ACCAAGAACGCGTGTC-1",0.0338640696223516,0.10468680352894,0.176986919666222,0.0444088974762809,0.000132512639657248,0.000132512639865114,0.487638846564112,0.152004116755999,0.000145321106573641
"ACCAATATGCAAGTTA-1",0.0123666478650253,0.00605567367805816,0.00894834685581879,0.0255723048076949,5.80804764378505e-05,5.80804764378466e-05,0.946752755734679,5.8080476437859e-05,0.000130029629410212
"ACCACTGTTCAAGAAG-1",0.00787850934102131,0.000103732509932556,0.000103732509932555,0.00475644318242577,0.0123307259664406,0.00356815454019881,0.333607173020638,0.594336468573463,0.0433150603559481
"ACCAGCCCGGTCTTTG-1",6.03478880760657e-05,0.0626121821302389,0.0799046961355552,0.054170459886479,0.0499615361590902,6.03478880760604e-05,0.752751554497146,0.000335946437418997,0.000142928977919306
"ACCATCGTATATGGTA-1",6.68461688397341e-05,0.00781615252131084,0.899943220678622,0.0641779447317649,6.68461688397263e-05,6.68461688397265e-05,7.28263882272397e-05,0.0276841978859991,0.000105119287556279
"ACCATTAAGGGTGTCA-1",8.7603079671901e-05,0.0113668374471373,0.0275619783783351,0.0574339581523311,0.0273523676643546,8.76030796719026e-05,0.150214240790985,0.554497222796107,0.171398188611406
"ACCCGAGCGAAATTAC-1",0.000126271843456817,0.334565143382475,0.0373469643829357,0.000126271843456821,0.000126271843604546,0.000126271843456821,0.387041565805687,0.24041496721147,0.00012627184345682
"ACCCGGTTACACTTCC-1",9.20473403240666e-05,0.00924615957843235,9.20473403247036e-05,0.0338463165398479,9.20473403240709e-05,9.2047340324064e-05,0.399636599421709,0.489730725553722,0.0671720095449918
"ACCCTCCCTTGCTATT-1",9.71280981693904e-05,9.71280981688513e-05,0.00720014587335698,9.71280981688514e-05,9.71280981688466e-05,9.71280981688501e-05,0.509946344662226,0.482161442229914,0.000206426743658269
"ACCCTGGTAACGCCCT-1",8.96753303886522e-05,0.456103824652757,0.299950741424941,0.149907839444461,8.96753303886267e-05,8.96753304550364e-05,9.00202882708038e-05,0.0935835493961113,9.49988022263798e-05
"ACCCTTTAGTTCTCCA-1",0.0296056044620725,0.0840147255799477,8.89431737387954e-05,0.0757710817045623,8.89431737387953e-05,8.89431737387946e-05,0.810162990509599,8.89431737388032e-05,8.98250488633111e-05
"ACCGACACATCTCCCA-1",3.94600240200895e-05,3.94600240200774e-05,3.94600240200933e-05,0.0285776556350041,3.94600239785932e-05,3.94600240200902e-05,0.918335590773102,4.80604424012955e-05,0.0528413930294337
"ACCGTGACCACGTGGG-1",0.000211442087913403,0.0853119050539259,0.147229239333497,0.0189310719199562,0.000211442088281552,0.019398194883163,0.248049254124593,0.39033209684057,0.0903253536681001
"ACCTAAGTACCTTTCA-1",0.000142105989014782,0.0114517203045995,0.347766152116962,0.0629120216273157,0.000142105988733671,0.0254011646623454,0.327501666015031,0.195175128462615,0.0295079348333833
"ACCTACTATAAATCTA-1",0.000440252980015687,0.572347616907443,0.233840070754175,0.0649761663755859,8.97898691143919e-05,0.0415126646832326,8.97898683517411e-05,0.0866138586937303,8.97898683517415e-05
"ACGAAATGGGCGGCAC-1",0.000138353424418369,0.000138353424418365,0.139452591441263,0.120326158900133,0.000138353424418356,0.000138353424418368,0.380626040309324,0.35862757366205,0.000414221989555985
"ACGACTGGTCATACTC-1",0.000217945410260574,0.286467878933111,0.232595053302128,0.138777760798986,0.00021794541030391,0.000217945410253571,0.340998433633013,0.000289091691682412,0.000217945410260563
"ACGAGTACGGATGCCC-1",0.029769703517425,0.370146190294957,0.379968919637416,0.0816993914042147,0.00294997229375443,0.0343857080929735,0.000135629762255243,0.100770297608237,0.000174187388767154
"ACGAGTCGCCGGCGTT-1",9.12564520968648e-05,0.0337734163331471,9.12564520968643e-05,0.0104523882046167,9.12564517419424e-05,9.12564520968561e-05,0.458652979058778,0.479598691710148,0.0171574988852774
"ACGATACATAGAACTA-1",9.68858031911893e-05,0.0214637581837664,0.281013971922822,0.107631180984622,9.68858033858165e-05,9.68858031912048e-05,0.501428666277037,0.0774654384504864,0.0107063267714983
"ACGCAAACTAATAGAT-1",9.51773803175063e-05,9.51773803175059e-05,9.51773803158841e-05,9.51773803181722e-05,9.51773803203453e-05,9.51773803174091e-05,0.659748687245689,0.235131214704968,0.104549033767436
"ACGCAATCACTACAGC-1",0.000107978380406739,0.16254651498731,0.500015402941318,0.134449298941363,0.000107978380406741,0.0305057529052533,0.000324124460689291,0.162516459058021,0.00942648994523224
"ACGCATAAATGACATG-1",0.000930185975194452,9.20711792755255e-05,0.0418012208264833,0.021756068866672,0.0186384983249064,9.20711792755258e-05,0.503418173761105,0.317542734399041,0.095728975488047
"ACGCCCAGCTGTCGAT-1",0.0317048225060113,0.0579895793547966,0.134544560490549,0.206621409239649,0.000201334327379735,0.0770919331594004,0.434236789621475,0.0573807017578437,0.000228869542895488
"ACGCCGCTAGACGACC-1",0.000155831470252229,0.0827874052476378,0.0303584784206345,0.0591850182919789,0.0172196624763568,0.000155831470252229,0.455641205276536,0.323259271187088,0.0312372961592636
"ACGCTAGTGATACACT-1",9.62640554966981e-05,0.156528307245292,0.572897817521681,0.132966113028583,9.62640554967567e-05,9.62640554966998e-05,0.000177803268013561,0.136963455932678,0.000177710837262461
"ACGGACTCTCAAAGCG-1",0.000131396226888277,0.0148290354459582,0.015562629710903,0.00417425547417236,0.00315977720428595,0.000131396226887489,0.248974817955455,0.657482292324471,0.0555543994309781
"ACGGAGCGCAAATTAC-1",6.31242796273256e-05,6.31242796272889e-05,6.31242796273265e-05,0.00158477221483028,6.31242796273669e-05,6.31242796273232e-05,0.500750647313826,0.412058060498028,0.0852908985751792
"ACGGATGGTGCGGATA-1",4.18394645782703e-05,4.1839464578293e-05,0.0327999137662449,0.0123920944789087,4.18394642242472e-05,0.0338485376761386,0.784549361853979,0.000191530955273541,0.136093042876074
"ACGGGTCATGTGACTT-1",9.51151507166601e-05,9.51151507166597e-05,9.51151507166597e-05,9.51151507166588e-05,0.0100815330298583,9.51151507166784e-05,0.14375000423692,0.582369320829647,0.263323566149991
"ACGTGGTCGAATGTGC-1",9.09599460702425e-05,9.09599460741525e-05,9.09599448919799e-05,9.09599460930155e-05,9.09599460741963e-05,9.09599460741278e-05,0.73292316582463,0.144685208954049,0.121845865546043
"ACGTTAATGTCGAAGA-1",8.44737533982306e-05,0.0705533874853898,0.121593424295902,0.150387696517221,8.44737533982269e-05,8.44737533982287e-05,0.362456563128171,0.291006788320988,0.00374871899213376
"ACGTTATTGGTCACTC-1",6.60955769831572e-05,0.00344114901429829,6.60955769830744e-05,0.00443435613001853,6.60955769478316e-05,0.00610072404757557,0.66062317121942,0.299573237808601,0.0256290750491723
"ACTACCAGCTCTCTGG-1",0.00221411026758563,0.0437587891363117,0.0546917267745221,0.0530213425889375,6.09989687588685e-05,6.09989687588689e-05,0.666359647121679,0.17975261747687,7.97686965763841e-05
"ACTATATGCTGTGTTC-1",0.00128397918492564,0.0919497271755715,6.48748052446287e-05,0.0288737031724528,6.48748052446283e-05,6.48748052446293e-05,0.76115771579921,0.000150043255104828,0.116390206997001
"ACTATCGCCGGCTAAA-1",9.27455734506017e-05,9.27455734510935e-05,0.231850548857383,0.0900687581818612,0.0493221032395286,9.27455734511041e-05,0.229282935650392,0.391886424161821,0.00731099318866172
"ACTATTCGTCCGTGGT-1",8.7849462035592e-05,0.0558772536696629,0.294752102794985,0.184049445213796,8.78494620355921e-05,8.7849462035594e-05,0.3786692134094,0.0862849266815197,0.000103509844530992
"ACTCAAGTGCAAGGCT-1",0.000102286496967488,0.000180234761371293,0.957093064788987,0.0421129814678217,0.000102286496968217,0.000102286496976575,0.000102286496967559,0.00010228649697293,0.000102286496967498
"ACTCAGACCTGCTTCT-1",0.000100456076232586,0.0576223489374941,0.0317926724170515,0.0205169033824885,0.000100456076232587,0.000100456076232587,0.569105121471327,0.298929021441986,0.0217325641209553
"ACTCCAATATCATCAT-1",0.000151718832621555,0.359311313448304,0.119116500083957,0.0385014097689227,0.000151718832725342,0.000151718832571538,0.0113708897953277,0.471093011572998,0.000151718832571532
"ACTCGATGTATTTCAT-1",6.58996598867298e-05,6.58996598863464e-05,6.58996598863521e-05,0.0006947521795792,6.58996602550624e-05,6.58996598863521e-05,0.310137507064078,0.577406537176929,0.111431705279613
"ACTCTCTGACTTAGGT-1",0.00013504938833814,0.110351729843173,0.32493992396207,0.0529302574949077,0.00013504938833814,0.000135049388338142,0.247521472932926,0.26353438899627,0.000317078605639127
"ACTGAATGGCGAAAGT-1",6.48652844636177e-05,6.48652844636224e-05,6.48652844636175e-05,0.00439570583539247,6.48652844636273e-05,6.48652844636181e-05,0.388700083961612,0.521498863419473,0.0850810203612039
"ACTGATTTAGTGATTC-1",9.82402785065233e-05,0.0144921947306499,9.82402785065217e-05,0.0783630048829736,9.82402785065229e-05,9.82402785065222e-05,0.906490245440532,9.82402785065241e-05,0.000163353553312371
"ACTGCCGTCGTAACTC-1",0.000122688191889753,0.349520817477662,0.231646602117949,0.107000242831172,0.000122688191118305,0.0736883048079232,0.065271036680224,0.10671273140707,0.0659148882949919
"ACTGTAGCACTTTGGA-1",0.000735081830377787,0.0146796407343701,0.139350522164273,0.0616899552983027,6.1479846997969e-05,0.0212005273631317,0.63745269201634,0.1247290582081,0.000101042538106741
"ACTTACGCATCCACGC-1",9.9204493130131e-05,0.0261790937532719,0.0420461604392165,0.0127798688308408,9.92044931301254e-05,9.920449313013e-05,0.657234163960123,0.261266806634092,0.000196292903066076
"ACTTATTTATGTGCCA-1",0.00337874945479311,0.312185027103559,0.382688001292885,0.172350438979375,0.000210646076715731,0.0621058355465458,0.000210646076055192,0.0208924371971039,0.0459782182729681
"ACTTCCATGCGGGACA-1",6.92854599733317e-05,0.165273332957182,0.76199861167611,0.0723123426068372,6.92854600042306e-05,6.92854599733262e-05,6.92854599733347e-05,6.92854599733369e-05,6.92854599733284e-05
"ACTTGACTCCCTCTTT-1",0.0421443092071959,0.0297451433414367,0.0595975697137014,0.0857470051573258,0.000134767228756607,0.000134767228438409,0.409555901228958,0.372805769665749,0.000134767228438399
"AGAAGGTTGCCGAATT-1",6.67523642541473e-05,0.0797905411843717,0.551936529763518,0.0394651281679991,0.0657996679543036,6.67523642541476e-05,0.230793377675722,6.93443855302156e-05,0.0320119061400462
"AGAAGGTTGTAGGTCG-1",0.137069035197491,0.571313709025611,0.24185591585399,0.024902822230369,0.024517517215205,8.52501193331846e-05,8.52501193331838e-05,8.52501193331828e-05,8.52501193331825e-05
"AGAAGTGATTCGTGAT-1",7.18196355025881e-05,0.0521525517668685,0.87293170355472,0.0458097358302517,0.000192883136905189,7.1819635502591e-05,7.1819635502581e-05,0.0285855206150936,0.00011214618965343
"AGAATGCGGGTTCGGA-1",6.37017468355476e-05,0.0137731988520042,6.37017468355522e-05,6.37017468355522e-05,6.37017470008537e-05,6.37017468355511e-05,0.767980742575972,0.217770350209962,0.000157199627718878
"AGACAGCTCAGAATCC-1",9.5736827703702e-05,0.0034126849596251,9.57368277037033e-05,0.00177557607221398,9.57368273347172e-05,9.57368277036985e-05,0.705003885825055,0.188915684121741,0.100509221710918
"AGACATAGATCCTTCC-1",0.000197459386976342,0.064533107962052,0.159208638043141,0.208184378712233,0.000197459386976342,0.00856045536593185,0.409046702151972,0.149801224129595,0.00027057486112296
"AGACGACGATGCCGCT-1",0.000153493463887509,0.100398904211367,0.146685195037045,0.0356925659000881,0.000153493463997108,0.000153493463887554,0.614725292229443,0.101884068766396,0.000153493463887552
"AGACGGGATTGGTATA-1",0.0411424106407916,0.0344914718958247,0.000129107884120479,0.0394647127176459,0.000129107884120482,0.000129107884120483,0.612178092751401,0.104121564300685,0.168214424041291
"AGACTGTTACCGGGTC-1",6.23190500561382e-05,6.23190500563161e-05,6.23190500563065e-05,6.23190499501355e-05,6.23190500563027e-05,6.2319050056333e-05,0.461598958561338,0.418104358599677,0.119922768538753
"AGAGAACCGTCTAGGA-1",0.0252106832999997,0.0803779472198313,0.258054249883017,0.170798795043676,0.000203885041611524,0.000203885041611526,0.323145171122602,0.0764442907530576,0.0655610925945929
"AGAGAAGGAGTACAAT-1",0.0947296900093701,0.154359364782092,0.032842010514581,0.000121121106578901,0.000121121106618612,0.000121121106575176,0.422704289035528,0.294862038915697,0.000139243422959298
"AGAGCAGTTATGAGAC-1",6.62799426287505e-05,0.00852000637140333,6.62799426287493e-05,6.62799426287496e-05,6.62799419095713e-05,6.62799426287505e-05,0.596174329615664,0.367279519914617,0.027694744385891
"AGATACCAGCACTTCA-1",0.000207603682477649,0.16993995153167,0.303776070724598,0.130619959685926,0.000207603682534525,0.0228688228773112,0.174883589602253,0.133988200865582,0.0635081973476486
"AGATACTCAAGATCGA-1",6.51111529418089e-05,0.00604153139585185,0.00235266823353548,0.00817904002713134,0.00762200688566176,6.51111529417815e-05,0.489621129448071,0.460286974210034,0.0257664274938307
"AGATATAATACGACTA-1",6.56572140342917e-05,0.0183309202999117,0.722536030796471,0.170715247667807,0.0145735468696306,6.56572140342903e-05,0.00020298803430723,0.000648451816931554,0.0728615000868721
"AGATGCAAGACGTGCA-1",9.04989254757824e-05,0.000132273213936226,0.123171702204989,0.0688849082674085,9.04989251501898e-05,0.00600905225180503,0.447358599980303,0.269290038916653,0.0849724273142792
"AGATGCTATAACGAGC-1",0.012392378811831,0.00851912832697279,9.09423960582779e-05,0.00820455338862122,9.09423960582777e-05,9.09423960582778e-05,0.346829679471178,0.623501976718475,0.000279456094746727
"AGATTCAAGCGGGTCG-1",9.2731715255319e-05,0.0150433861208297,0.014987936229158,0.00955187335529388,9.27317152553205e-05,9.27317152553299e-05,0.554047346865979,0.380866584612359,0.025224677670615
"AGCAAAGGCCGCTAGT-1",5.99986119555733e-05,5.99986119555732e-05,5.9998610080364e-05,0.00398698012407729,5.99986119555757e-05,5.99986119556035e-05,0.99553789784654,5.99986119555608e-05,0.000115130359524643
"AGCACTACCTCACCAG-1",0.0173512339753151,0.166258324895924,0.0647708268387717,0.0510600657573568,8.27644940305062e-05,8.27644940305081e-05,0.700014508087185,0.000206208361827123,0.000173303095559612
"AGCAGAAGGAGAAAGA-1",0.0578281767550892,0.0229751212603306,0.20077910983134,0.185151019277872,0.000274540928282851,0.0646096535731434,0.242341904238432,0.225739490331204,0.000300983804305739
"AGCCAAGCTTTGTGTC-1",0.0435339661456564,0.000144182126252934,0.0426764373295866,0.0334596602903766,0.00014418212691383,0.000144182126252932,0.712271538931815,0.167421992763148,0.000203858159997179
"AGCCACTCCCGTGCTT-1",0.000133514416637791,0.141278182161271,0.319570030492174,0.0745360733189529,0.000133514416637799,0.000133514416637796,0.255716147576404,0.186314292164521,0.0221847310367627
"AGCCCGGCATTAGAGG-1",0.00010772529306304,0.00010772529306303,0.297933218345153,0.000107725292783665,0.0388995874423185,0.000107725293078619,0.000131417581644442,0.662497150165832,0.00010772529306305
"AGCCGCTTGATTAGCG-1",8.89683505961201e-05,0.459933160804744,0.338294574396416,0.0298414099191404,8.89683505295111e-05,8.8968350596126e-05,8.89683505961103e-05,0.110895147965803,0.0606798335115783
"AGCCTTAAAGCGGAAG-1",9.62085620596513e-05,9.62085620596485e-05,9.62085620596585e-05,9.62085620596491e-05,9.62085620596436e-05,9.62085620596462e-05,0.757684693438863,0.241611312732555,0.000126742456224134
"AGCGACAGGAACGGTC-1",0.000138430870139985,0.105895153404978,0.0969994357705592,0.0287430037176642,0.000138430870140001,0.000138430870140108,0.475883899699327,0.176001011667581,0.11606220312947
"AGCGCGGGTGCCAATG-1",0.00851173472728561,0.0168958513286753,9.08532320469039e-05,0.00690374777423162,0.0237215918343333,9.08532320469012e-05,0.788452333325388,0.155030432272396,0.000302602273596271
"AGCGGACACTTCGTAG-1",3.91318550465044e-05,3.91318550464463e-05,0.00550265692794452,3.91318550464512e-05,3.91318541234149e-05,3.91318550464471e-05,0.296111034538471,0.522522181975244,0.175668467284031
"AGCGGGAAGGGTCCAT-1",8.48933916100518e-05,0.369396374835534,8.48933916100501e-05,0.144072858372044,0.0407839946377381,8.48933916100481e-05,0.353690094356983,8.48933916100452e-05,0.0917171042312612
"AGCGGGTCTGACACTC-1",6.15495272909984e-05,0.140565185636775,0.784307431386294,0.0684616933037013,6.15495272571212e-05,0.00634393370834373,6.15495272909506e-05,6.15495272909905e-05,7.55578557560024e-05
"AGCGTCTGAACCCGCA-1",0.0666182300498897,0.0960918675447622,0.000206432934662905,0.258920569202592,0.000206432934662892,0.00556094549211154,0.46264945864904,0.0249993725199879,0.0847466906722915
"AGCGTGGTATTCTACT-1",0.000130109135122981,0.0178642974897192,0.00113599765378084,0.000130109135125847,0.000130109135125827,0.00221030948193065,0.767220944789144,0.0478263046319239,0.163351818548127
"AGCTAACAAGCAATGT-1",9.64460107278613e-05,9.64460107278498e-05,0.330339348470373,0.0859733095575025,0.00275340428911542,0.0146968821226947,0.109273186132456,0.0143934819031694,0.442377495503233
"AGCTATTTAATCCAAC-1",0.000128882765062419,0.0340265224539432,0.403516432470421,0.136422869167025,0.000128882765062412,0.00410529536385144,0.289699171966669,0.131778203296404,0.000193739751561965
"AGCTCCTTCGCACATC-1",6.0482444176506e-05,6.04824441764974e-05,0.00473174500103211,6.0482444176498e-05,6.04824435677446e-05,6.04824441765068e-05,0.468400674060312,0.358212665620271,0.168352503098111
"AGCTCTTCCCAGTGCA-1",8.31911491685395e-05,0.0777841031089227,8.31911491685383e-05,0.100689390744906,8.31911491685433e-05,8.31911491685376e-05,0.821007981183486,0.000102569216842771,8.31911491685392e-05
"AGCTCTTTACTCAGTT-1",4.66291254646712e-05,0.0881028629544679,0.673204385484475,0.0643912202450237,0.00843621973297339,4.66291254646753e-05,0.0002795941144402,0.101611331979011,0.0638811272386801
"AGCTGAAGTAAACCAA-1",0.000102795272203077,0.00870942830374998,0.000102795275038637,0.000102795272198085,0.00010279527205879,0.000102795272203077,0.411686048280241,0.471119193476497,0.10797135357581
"AGCTGCATTTGAGGTG-1",0.0212807666223952,8.72588836951208e-05,8.72588836951222e-05,8.72588836951325e-05,8.7258882491222e-05,0.00844074957167057,0.247006097495452,0.534254730317159,0.188668620459746
"AGCTGCTGTGCCGAAT-1",0.000134359873445396,0.000134359873445409,0.190295417800262,0.211940730241083,0.0448822314326549,0.00531759613910194,0.404040029073204,0.0749999238562626,0.0682553517105405
