"","B_cells","Endothelial_cells","Fibroblasts","Macrophages_and_MDSCs","Mast_cells","NK_and_T_cells","SMCs_Fibroblasts_Hybrids","SMCs_maintype","SMCs_subtype"
"AAACGGTTGCGAACTG-1",0.000103874757517757,0.0381211154179425,0.000103874757527897,0.504117719710743,0.000103874757527896,0.000170523240135411,0.40922737156219,0.0479477710388875,0.000103874757527898
"AAACTCGGTTCGCAAT-1",0.022484882751771,0.0326345789890475,0.0789306474189727,0.3251158999946,0.000130103578735236,0.000130103581502945,0.467681189267684,0.0727624908361837,0.000130103581502946
"AAACTCGTGATATAAG-1",3.98995967719691e-05,0.0145633871714302,0.00455726559874752,0.850646971068423,0.0114142549687348,3.98995967221629e-05,0.118658522805723,3.98995967260135e-05,3.98995967223166e-05
"AAAGCTTGCCTACATA-1",0.000115026271573279,0.0148084616435548,0.00414745292973284,0.532975098477429,0.000115026254563561,0.0648488251765924,0.382760056735878,0.000115026255338074,0.000115026255338077
"AAAGGCTACGGACCAT-1",3.74306701335411e-05,0.0123264308107382,0.0094655310883761,0.805113010977828,3.74306701345434e-05,3.75470103184918e-05,0.154734922356775,0.0182102657455621,3.74306701345433e-05
"AAAGGCTCTCGCGCCG-1",0.000139462570329857,0.00013946257041041,0.203993272122064,0.398211921242652,0.000139462570167364,0.00013946257041041,0.32280029872722,0.000139462570410412,0.0742971950563356
"AAATAAGGTAGTGCCC-1",6.070467555795e-05,6.07046755759152e-05,6.07046755759153e-05,0.0325268817579562,6.07046749403108e-05,6.07046755759169e-05,0.221588866442327,0.534272239543778,0.211308488878713
"AAATGATTCGATCAGC-1",0.0397865413825942,0.0935493241557348,0.0852834040325844,0.227488297695755,0.000257274896017246,0.134066888407684,0.243678730825608,0.175632263708006,0.000257274896017247
"AACAATACATTGTCGA-1",0.000104322278081986,0.0194110517048872,0.00873116464921237,0.0464972493326503,0.000104322280082795,0.000104322280028436,0.718372296662017,0.182510819279607,0.0241644515334328
"AACATTGTGACTCGAG-1",7.971634633109e-05,0.0364498232453877,0.00275984364761465,0.654382055933566,7.97163474765006e-05,0.00555196119549354,0.276315705748948,0.0243014611888277,7.97163463548315e-05
"AACCTCGCTTTAGCCC-1",0.000153727852171685,0.50966730424149,0.315370016921476,0.0777759089345732,0.0049889848001433,0.0426009359298203,0.00884613394893026,0.0405349535828341,6.20337885604231e-05
"AACCTTTAAATACGGT-1",0.00405116047288015,0.00828359062315273,0.343785288893333,0.440367081634315,0.00558810155618312,0.0280851893658059,0.153640564229267,0.0161031215188083,9.59017062552405e-05
"AACCTTTACGACGTCT-1",4.66688016587083e-05,4.66688016638197e-05,4.66688016626955e-05,0.0333211700905162,4.66688005003826e-05,4.66688016632409e-05,0.119553607480332,0.772285611616437,0.0746062668055665
"AACGCATGATCTGGGT-1",0.0258830260907361,0.024578354387557,0.00882761062776037,0.58794605937524,0.000107855217995306,0.0217981637436407,0.330643220121467,0.000107855217801692,0.00010785521780169
"AACGCGACCTTGGGCG-1",9.55843601199747e-05,0.00281887745752682,0.000903400945734397,0.201872178957215,9.5584360085996e-05,9.55843600853502e-05,0.663817963520695,0.13019778196636,0.000103044072177546
"AACTAGGCTTGGGTGT-1",0.00110425243162817,0.0298598698607718,0.113162441645868,0.464401136613319,0.000147294317457626,0.0273215249810954,0.36370889151425,0.000147294317805155,0.000147294317805152
"AACTCTCAGTGTGCTC-1",9.56200046249075e-05,0.158016530254171,0.461538739905097,0.238904427853891,9.56200051539743e-05,9.56200046798457e-05,0.000163899859177125,0.0314734541567315,0.109616087956475
"AACTTTCTCGATCATG-1",0.0163699294424828,0.141594142110341,0.208942740666838,0.268337600712839,0.000277365051023168,0.0480043073043508,0.249037827976064,0.0671587216850391,0.000277365051023162
"AAGATGGCACCGGACC-1",6.41337911384958e-05,0.0389200805009933,0.0249813206981041,0.0688341214942061,6.41337911203222e-05,6.41337911199017e-05,0.407580698528754,0.459186718019076,0.000304659385488482
"AAGCACCCTGCGTATC-1",0.00691163146242485,0.041076324077251,0.0266516202059559,0.543973320606474,6.92844416392672e-05,0.0454662187918529,0.307086047794312,0.0286962681784508,6.9284441639263e-05
"AAGCGCAGGGCTTTGA-1",0.0129516248930108,0.0525951409300402,0.11783907822133,0.242240950380958,0.00195571194039628,0.0132714597022324,0.328675359455427,0.223928429074719,0.00654224540188676
"AAGCGTCCCTCATCGA-1",0.000134091453270334,0.414177878832149,0.338436567346627,0.205300078210598,0.000134091440054374,0.025581021013895,0.000134091446390662,0.0159680888106252,0.00013409144639066
"AAGGGACAGATTCTGT-1",0.0212011267838928,0.331769556377869,0.371438960748596,0.228112293213916,9.47204433754943e-05,9.47204433754943e-05,0.00233626196508014,0.0448576395805199,9.47204433754945e-05
"AAGTGAGTCGGGTTTA-1",9.45631094507887e-05,0.00104821472201243,0.00465744498934694,0.492974599277653,9.45631108562893e-05,0.051184815884534,0.422687752768973,0.0271634830254288,9.45631117450353e-05
"AAGTTCAGTCTGCGTA-1",0.020564600474395,0.140475758074402,0.0581760903593548,0.143786130284088,0.0118400217993422,0.00245096688585944,0.376942828739961,0.245617478506337,0.000146124876260165
"AAGTTTATGGGCCCAA-1",0.0398952107480209,0.0582039323721573,0.0319152140103014,0.0964297563192906,0.0016863231337454,0.000141046631148605,0.311700172914051,0.459881373064775,0.000146970806510373
"AATAGCTACCGCGTGC-1",0.0352503174074753,0.0245909658390793,0.0238597946193088,0.204710430450165,0.000189429852783998,0.0491703547030395,0.526702362513134,0.135284434710041,0.000241909904973101
"AATATCGAGGGTTCTC-1",0.000128575913329348,0.0251003507813414,0.118359039567081,0.347206746789563,0.000128575913110914,0.0369665438529545,0.461260740306439,0.000151155398057457,0.0106982714781235
"AATCTATGCCGGAGCC-1",6.83530111515994e-05,0.132923079253968,6.83530111772988e-05,0.607012422811802,6.8353011174335e-05,0.026837089894949,0.216615639675972,0.0163383563186307,6.83530111743365e-05
"AATGATGATACGCTAT-1",0.0122978873110048,0.0198893460106462,0.000128538928701515,0.226934168106047,0.000128538927371538,0.0175663932144592,0.446250992688177,0.203730996457078,0.0730731383565142
"AATGATGCGACTCCTG-1",0.00438696964141002,0.181273363859861,0.000130095492576274,0.41160868275356,0.000130095492351604,0.0249706938787836,0.265963190490978,0.0532094859213723,0.058327422469107
"AATGCACCAAGCAATG-1",9.93294201245948e-05,0.00267375545706857,0.189802518915082,0.417799043765194,0.0160493492924663,0.0183825685355148,0.354994775773979,9.93294202849323e-05,9.9329420284934e-05
"AATTCATAAGGGATCT-1",0.0305943174916782,0.00219631665230586,0.000133786091547689,0.348441247408902,0.00408172347689211,0.0301955971107814,0.446694290730727,0.137441898425284,0.000220822611882229
"AATTCCAAGCATGTAC-1",0.000204969467177579,0.0639304898856738,0.0768147246705973,0.258182892431448,0.00293372918611414,0.0108482772161232,0.451014873742731,0.135865073932629,0.000204969467506747
"AATTCGATTCGAGGAT-1",0.000135253903051474,0.210774466967742,0.311188524160615,0.342732403421342,0.00174144742449222,0.0473585954106653,0.0480301268538641,0.0379039279552278,0.000135253902999478
"ACACCACATAATTAGC-1",6.11465472674365e-05,6.11465467693855e-05,6.11465467255848e-05,0.0455288182877742,6.11465467678332e-05,6.11465467693829e-05,0.239258722216099,0.571766866203218,0.143139860558609
"ACATCCCGGCCATACG-1",0.000143188046050601,0.0218129004547289,0.162366414704943,0.425402178557122,0.0097863977873078,0.00957102198859849,0.356845788260452,0.000143188046133122,0.0139289221546644
"ACCAACACCACACACT-1",0.0718110186666079,0.0518056246715264,0.0858495709167187,0.207865598639542,0.0165543651564391,0.0320706665931405,0.405469245656457,0.128397020513897,0.000176889185672246
"ACCAATATGCAAGTTA-1",0.000133269241142179,0.0747358653489409,0.175601231217097,0.251894086594686,0.000133269231338969,0.000133269231343969,0.435389765868181,0.0305196783344526,0.0314595649328173
"ACCACCCTCTCTTCTA-1",0.0177906725240302,0.0340667765386952,0.0360709369340206,0.18679186968914,0.000125477362751624,0.116136655482718,0.567046314920113,0.0418458191844772,0.000125477364053943
"ACCCTATGCCATATCG-1",0.000216241971968703,0.126340530423586,0.337213505627697,0.158960423041828,0.00473596169177014,0.000216241971733314,0.30377851179961,0.0311811556817645,0.0373574277900426
"ACCCTGGTAACGCCCT-1",0.0209496750280728,0.0707398758109941,0.0698334826064837,0.55215135854609,0.00938360838996663,0.000215985312173316,0.157047154011596,0.102393839093996,0.0172850212006281
"ACCGACACATCTCCCA-1",9.87162551711626e-05,0.0204043881240401,0.0178422356484505,0.515347816832646,0.00508789006563768,0.233925866684905,0.158347912023114,0.0470052262593878,0.00193994810664743
"ACCGTGACCACGTGGG-1",9.61859918853596e-05,0.0798160127523335,0.0207031096275439,0.0802052116090371,0.00413113379265635,9.61859920484943e-05,0.58012402020945,0.195461213217235,0.0393669268078108
"ACCTACTATAAATCTA-1",9.25042251231872e-05,0.0041404164761303,9.25042256699524e-05,0.0317147574858672,9.2504225617505e-05,9.25042256636963e-05,0.502501686064828,0.46118061884543,9.25042256699514e-05
"ACGAGTACGGATGCCC-1",0.000565696153640685,0.0392141103756774,0.00986840625546248,0.450773079505015,0.000136731130595633,0.000136731130555712,0.417468145543253,0.0817003687752439,0.000136731130555713
"ACGATACATAGAACTA-1",0.000199444614189975,0.0284666165904788,0.172502609321206,0.252448902518633,0.000199444614229527,0.00998081446143444,0.405009902157457,0.130992821108142,0.000199444614229543
"ACGCAAACTAATAGAT-1",8.85826766555444e-05,0.0157066219825557,8.85826783685225e-05,0.122226414893633,0.00375795823018616,0.00193163457040604,0.76419721329504,9.28297050179134e-05,0.091910161968137
"ACGCAATCACTACAGC-1",7.28559316873019e-05,0.0237587311029306,0.0105171986154911,0.735464927501097,0.0116578087868369,0.0566318562473799,0.153992917274036,0.00783084860886023,7.2855931680948e-05
"ACGGACTCTCAAAGCG-1",0.000134014135785693,0.0247139136608372,0.00892264187837896,0.191261277505227,0.000134014135947601,0.0811710377772849,0.693388640000871,0.000134014135928099,0.000140446769739084
"ACGGAGCGCAAATTAC-1",9.22697979028892e-05,9.22697979202755e-05,0.00596720764874132,0.1872918880206,9.2269797920841e-05,9.22697979202762e-05,0.568585411805074,0.237694143536,9.22697979202731e-05
"ACGGATGGTGCGGATA-1",0.000135983677871587,0.0435484156256971,0.190672707527229,0.230434074998583,0.0017873400640745,0.0114556501385888,0.489692275124566,0.000258568851418922,0.0320149839919706
"ACGGCCAACATGGACT-1",0.000141192657282902,0.0563210021460367,0.139952641545547,0.444396970337376,0.00522649306484402,0.0250576375628638,0.280720757693517,0.000141192657297117,0.0480421123352357
"ACGGGCGTATGCGACA-1",0.00492893674442003,0.0121690802608881,0.015004079200239,0.517761944601673,0.0191475535187769,0.000153663229110485,0.430527415986672,0.000153663229110485,0.000153663229110483
"ACGTAGGAGAGTCGCT-1",0.000138045886207821,0.227796794489735,0.446464006602953,0.313029472253405,0.0120194972225411,0.000138045886287037,0.000138045886287019,0.00013804588629311,0.000138045886290965
"ACTATTTCCGGGCCCA-1",6.1754066327892e-05,0.159842214028056,0.0377009383098465,0.100925157271669,0.00291206083575917,6.17540663404238e-05,0.580141914904109,0.0896200758334535,0.0287341306844382
"ACTCCCTAATGCTAAA-1",0.00258989355250071,0.183899367494402,0.000190453898987617,0.335473363725705,0.00274120334814163,0.0533201723507299,0.371660228271564,0.0492563483379179,0.00086896902005161
"ACTTACGCATCCACGC-1",3.13357321967944e-05,0.00687378595573429,0.00168540086078924,0.0164989517092726,3.13357319816712e-05,3.13357319905249e-05,0.21372532786019,0.62729632104326,0.133826205374584
"AGAAGGTTGTAGGTCG-1",0.000134132243595156,0.163305365407517,0.0880769167417179,0.249337417156103,0.000134132243982397,0.00245530691766973,0.156122242055705,0.32812826077742,0.0123062264562905
"AGACTGTTACCGGGTC-1",6.2728871622346e-05,0.00129208342829677,6.27288721882781e-05,0.0360679158492087,6.27288721817459e-05,6.27288721882787e-05,0.79337895665228,0.168817805481949,0.000192323100084973
"AGAGAAGGAGTACAAT-1",0.000178254017619595,0.130324145916745,0.627401414030002,0.205569667790058,0.0151379019503618,0.0186013144556027,0.000178254007561441,0.000178254007558566,0.00243079382448997
"AGAGTATAGTGTTACG-1",7.17918320976367e-05,7.17918271962155e-05,7.17918271835926e-05,0.573123988098631,0.000841232334199653,7.17918271962176e-05,0.422207648856801,7.1791827196227e-05,0.00346817156949824
"AGATATAATACGACTA-1",0.0231465515000399,0.068147434380531,0.0931212098314352,0.252017650573485,0.00733902643556904,0.0446697946609226,0.510268849952909,0.000256902109209086,0.00103258055589922
"AGATCGTGCATAAGAT-1",0.0214016792907104,0.0259560256821143,0.00150891724772033,0.6875237482873,0.00308725857462437,0.03191783334112,0.228469284719258,6.76264285759859e-05,6.76264285759818e-05
"AGCAAAGGCCGCTAGT-1",0.00010057037785918,0.0418442338066581,0.034616887306305,0.497638344780513,0.00639603711425287,0.160016967110753,0.259185818747922,0.000100570377868844,0.000100570377868844
"AGCAGAAGGAGAAAGA-1",0.0127979425815148,0.0909508793833084,0.0727453874683222,0.407614201166256,0.00663984395116871,0.00993361508731729,0.343389896145847,0.0557143569684499,0.00021387724781566
"AGCAGCCAGATGAATA-1",0.000148801933090549,0.000148801937585145,0.0941576302509199,0.477676096786267,0.000148801937733799,0.000148801937578776,0.309489944231316,0.117932319047924,0.000148801937585144
"AGCCAAGCTTTGTGTC-1",8.18832328584391e-05,0.0130998903012496,0.0432309446803398,0.671386213140006,0.0102900467153379,8.18832421368184e-05,0.26166537220444,8.1883242136815e-05,8.18832414946709e-05
"AGCCATATAGTATGTG-1",0.000136775425066918,0.503095997002402,0.211678927504516,0.210676705435764,0.000136775425282874,0.000136775425282872,0.000136775425282869,0.0450048432607458,0.0289964250956569
"AGCCCGCAACAAGCAG-1",0.000129767404945022,0.0100988235530366,0.020649326843201,0.232964895248033,0.00140524133427415,0.000129767405043505,0.51163924372764,0.222826323097511,0.000156611386315118
"AGCCCGGTAGCCTGTA-1",6.80666541344808e-05,0.0295059523685825,0.00639559202181185,0.505384615736612,6.80666526470378e-05,0.109775543686577,0.341987825534962,0.00177853853603613,0.00503579880863762
"AGCCCTTCTAATCCGA-1",0.00013743322836267,0.105502977059219,0.340300499896345,0.291535146642316,0.0357087169595839,0.0449844533930203,0.108590414402746,0.0731029251907151,0.000137433227691663
"AGCGCATAATGAATCG-1",0.000141579384634204,0.164318019012523,0.000141579384615271,0.414539019980809,0.000141579384478386,0.0129032713387671,0.407531792744942,0.00014157938461527,0.000141579384615271
"AGCGCGGGTGCCAATG-1",0.00630867624083579,0.063376349384736,0.204048319585583,0.256633176725045,0.000213790803660155,0.0550466398815778,0.413945465770509,0.000213790804027187,0.000213790804027173
"AGCGGACACTTCGTAG-1",4.03538242003649e-05,0.0140192848425704,0.0139957436875024,0.850836417268117,4.03538232703792e-05,0.005304808010732,0.0933998920947768,0.000808159578257131,0.0215549868705732
"AGCGGGTCTGACACTC-1",0.000197884306365051,0.0917900184209966,0.14829411503358,0.373445690903489,0.00472914434585775,0.00431604324472118,0.269181407192378,0.10784781224619,0.00019788430642305
"AGCTAGAAGCAGAAGT-1",0.0143534298887302,0.0179955060808108,0.00376902472013437,0.640636004878977,7.34629015338442e-05,0.0537318679245864,0.269293777803516,7.34629008557088e-05,7.34629008559628e-05
"AGCTCTTCCCAGTGCA-1",6.38548535028945e-05,0.0149409085553037,6.38548535183808e-05,0.159672055303044,6.38548535364207e-05,6.38548535358603e-05,0.665519924912094,0.119588771950047,0.0400229198654177
"AGCTGAAGTAAACCAA-1",9.45931772282266e-05,9.45931771429984e-05,9.45931771430004e-05,0.0290551529506651,9.45931761616074e-05,9.45931771435142e-05,0.285108993217332,0.62602751334105,0.0593353746061334
"AGGAAGCTGTCCGCCG-1",4.85470322873159e-05,0.0163254766619799,0.014673260184619,0.648059265667691,4.85470321761201e-05,0.158272437604646,0.137166070921737,0.0253578478626878,4.85470321755708e-05
"AGGACGCTCGATGTTG-1",6.52735729058262e-05,0.00250517382811939,0.0845059604704393,0.237055974683631,6.52735798194319e-05,6.52735798220371e-05,0.620611792295497,0.055054325704626,7.09522851400205e-05
"AGGAGACATCCACAGT-1",0.000449846680016928,0.00829367011203255,0.0550563087363364,0.171560921200542,0.000191562355250277,0.13087952114985,0.510321304652572,0.123003415689215,0.000243449424185917
"AGGAGAGTCTGGCTAC-1",4.80604020966571e-05,4.80603942975981e-05,4.80603942493318e-05,0.183775658340091,4.80603934436282e-05,4.80603942975997e-05,0.23927982886103,0.559543675156579,0.0171605356639149
"AGGATTGCTTACGACA-1",6.44667005834458e-05,0.0156133054690884,6.44667003606712e-05,0.251039616119194,0.00994489754561306,0.0135832739696212,0.573839612485008,0.0700029797453075,0.0658473812652239
"AGGGACTCTACGCGAC-1",0.000136378092788661,0.0218708461759434,0.222147164715237,0.185160578865338,0.00902211194104271,0.000136378093009255,0.380040174123826,0.0643013358159322,0.117185032176883
"AGGTAGATCGAGATAT-1",7.1506482181803e-05,0.0610561401357188,0.58007047196379,0.33542598652597,0.00593891942553317,7.15064822583773e-05,0.00045057318977021,0.016843389312519,7.15064822583763e-05
"AGGTGGTGACCTTCGC-1",0.00011472609004209,0.0398968105261226,0.0169850965976607,0.680593211298211,0.00011864400506633,0.000114726089998009,0.253424506400722,0.00863755290217918,0.000114726089998009
"AGTACATCATTTATCA-1",9.00650974001953e-05,0.00807405022360184,9.00650973649746e-05,0.183523443261177,9.00650959117358e-05,9.00650973649746e-05,0.356508757311673,0.385216577600327,0.0663169112151796
"AGTAGAAGGCGCCTCA-1",0.00509029106112402,0.374689912491116,0.265981999919285,0.167553297635175,0.000185882008872665,0.126458824221449,0.000195538659154728,0.0596583719949518,0.000185882008872666
"AGTATACACAGCGACA-1",9.02438676335689e-05,0.000475547511452601,9.02438678216577e-05,0.0545758705473788,9.02438678238342e-05,0.0139163368135377,0.859875925071059,0.0707758133404769,0.000109775112816226
"AGTCCCGCCTTTAATT-1",4.29803356166816e-05,4.29803442153229e-05,4.29803442197374e-05,0.0415228214037658,4.29803442083151e-05,4.29803442131789e-05,0.455172539344942,0.401898199264622,0.101191538274197
"AGTCCCTCGCAGAAAG-1",9.18578014330406e-05,0.00447159553755525,9.18577989402215e-05,0.23137606902596,0.00201812242626449,0.0228367261005059,0.363224155531924,0.366332736341345,0.00955687943607238
"AGTCGTATAAAGCAGA-1",0.00121670099470412,0.168793335777145,0.347281113605588,0.324870111779473,0.00495272153847818,0.15224676066509,0.000213085213168759,0.000213085213184418,0.000213085213168782
"AGTCTAAAGTATACTC-1",8.95101843313704e-05,0.156961665047912,8.95101843578438e-05,0.237977815710703,8.95101842184184e-05,8.9510184357845e-05,0.490824065204965,0.0240475736750633,0.0898308396240909
"AGTCTTTAAAGTGTCC-1",0.000191918755707271,0.407381759628724,0.255531574312608,0.225118818429194,0.00737223312110626,0.0603318073743678,0.000191918755726093,0.0436880508668403,0.000191918755726087
"AGTGAAGATGGTGTCC-1",0.000126717504260312,0.190991993780336,0.0642335642893937,0.169964772684562,0.0107730846393495,0.0670213358484935,0.333431884337559,0.163292543777993,0.000164103138053367
"AGTGAGCCTCGCCGCC-1",0.000100195673710275,0.0184849939920998,0.43937830652713,0.345310113958616,0.00010019567243456,0.0001001956738167,0.19600295786744,0.000100195673816701,0.000422844960936521
"AGTGGCGGCAATTTGA-1",0.0530098845737299,0.0702702249642779,0.0116223059055576,0.343996439796053,0.0156105133756479,0.0770437432809157,0.337770447363262,0.0904872368003707,0.000189203940185393
"AGTGTATTGCGCATTG-1",4.55000629562793e-05,0.00316042979123355,0.0772436487473024,0.136297809910387,4.55000629278663e-05,4.55000629200333e-05,0.441893245529586,0.339180765979006,0.00208759985368
"AGTTGACGGTCCTTGC-1",0.000112956402733529,0.029882752349632,0.0460542951824838,0.650756117804514,0.000112956410512737,0.000389981925756342,0.235169767326098,0.0374082161877571,0.000112956410512738
"AGTTTATGTAAAGACA-1",0.000135977511780654,0.0242332192557065,0.0143637818034729,0.306720801669391,0.000135977511794108,0.024695790206057,0.62886070186232,0.000135977511794111,0.000717772667683448
"ATAAGTAGGATTCAGA-1",0.00747055466311651,0.0648585724554295,0.0275395803627254,0.45500418799433,0.0001434222467345,0.00903693615974124,0.433342140740298,0.00246118313064291,0.00014342224698214
"ATAATCTTGGAGAACC-1",6.34167207595278e-05,0.0240469264268452,0.0101482482965952,0.0813077688113706,6.34167207610225e-05,0.0219915323727794,0.509372406787338,0.327274891632811,0.0257313922307396
"ATAATTAGCTAAGTAG-1",8.37072305241053e-05,0.0332908705357826,0.0559631270978044,0.671243064270307,8.37072306134366e-05,8.37072306134362e-05,0.206443096323958,0.0186168249544931,0.0141918951259037
"ATACAGGCCCTCCAAT-1",5.90021167230684e-05,0.00370255983052007,5.9002116734798e-05,0.108616087885662,0.00697819462919739,0.0138064333805074,0.842616807402038,0.0240363745044948,0.000125538134122908
"ATACGTTATGCACGGA-1",8.56320830050144e-05,0.0221095203039,0.0198692340871417,0.765971721141001,8.56320776631512e-05,8.56320776644987e-05,0.162472056031885,0.0203696948127231,0.00895087738501603
"ATAGAGTTATCAACTT-1",0.00323001500354421,0.0846810014838544,0.537355652613837,0.234411003753489,6.7410390921109e-05,0.00510589967212454,0.127264314519914,0.00781729217125697,6.74103910590986e-05
"ATAGGCTAGCTTCGCA-1",0.0140897998319497,0.0416391540938148,0.11361705312167,0.435126950108714,0.0110422829604975,0.0319159799966408,0.167953255857273,0.0946897930486784,0.0899257309807619
"ATATCTCCCTCGTTAA-1",6.32303483115006e-05,0.0247000898487205,6.32303482793793e-05,0.0546853118483866,6.32303482756874e-05,6.32303482881388e-05,0.544786091095106,0.267458071543562,0.10811751427107
"ATCACTTCATCCTCGC-1",0.00014557883691097,0.314894664418471,0.554459876701542,0.125438815180681,0.00447874949724352,0.000145578841292025,0.000145578841274991,0.000145578841292024,0.000145578841292018
"ATCAGTAGGCAGGGAT-1",0.00954526172022255,0.0695334895043274,0.144789755810382,0.249866027804894,0.000193815644534058,0.0183071760101189,0.489945202930713,0.000327835317882533,0.0174914352569262
"ATCCACATCGACAGAA-1",7.38524319970816e-05,0.0214730493635951,7.38524320356804e-05,0.493098987738954,7.38524320326543e-05,0.0234340314408172,0.461483505029393,0.000215016698903205,7.38524322725507e-05
"ATCGCTGCGTGCAGCA-1",1.44762142536912e-05,0.0133756008115114,0.00339848816416433,0.926093569121809,1.44754476045086e-05,1.44754476231891e-05,0.0570599638978072,1.44754476124765e-05,1.44754476146509e-05
"ATCGGCAAGCAGTCCA-1",0.00466709737264025,5.2458424473971e-05,5.24584244720782e-05,0.734017676653135,5.2458422578737e-05,0.0313181813997076,0.229734752454045,5.24584244739699e-05,5.24584244740096e-05
"ATCTAATATCCTACGG-1",0.000208466387545634,0.0515128181803535,0.164104647926151,0.310963383870262,0.0243246076502108,0.000208466385944561,0.432276143029865,0.000208466385944572,0.0161930001837224
"ATCTAGCTTGTGAGGG-1",0.000201514641698373,0.0818771742257163,0.0846934945302798,0.351471128228679,0.00465605076611518,0.0266713360668883,0.395628625965494,0.0545991609334579,0.000201514641671378
"ATCTGACATGGAAGGA-1",4.6839081304208e-05,4.68390812750894e-05,0.00189817772343265,0.00881295097872529,4.68390811441244e-05,4.68390812663278e-05,0.356826031372716,0.531913551977382,0.100361931622755
"ATCTGCACCTCTGCGA-1",9.2272201548597e-05,0.277635223960718,0.365635034608652,0.305603514892136,9.22722015131489e-05,9.2272201601484e-05,0.0243251201147942,0.0264320176174041,9.22722016327264e-05
"ATCTGCTGTTATCGCC-1",0.00020555757532245,0.0233072220675923,0.00390604172497085,0.392047155609659,0.0194502512492664,0.000205557573731967,0.385435288725078,0.175213079815383,0.000229845658995548
"ATCTGGGCTGTTCTTG-1",0.00863322641629696,0.0174912897313779,0.0402328253488243,0.51045095902079,9.57790705663294e-05,0.0442766652510329,0.342210641345613,0.0365128347449316,9.57790705663498e-05
"ATCTTGACTTGTCCAA-1",0.000142025783566635,0.00891833664038113,0.16722931416015,0.204374000227087,0.000142025787800774,0.000142025787800778,0.576658979633397,0.000164820554076047,0.0422284714257405
"ATCTTTCGTATAACCA-1",5.36774047133204e-05,0.00496629538001132,5.36774160180923e-05,0.797921000985062,0.00324506699699254,5.36774160123369e-05,0.185508502175054,0.00814442481012435,5.36774160115566e-05
"ATGACTATCAGCTGTG-1",4.41965034797958e-05,0.00148183040848975,4.41965034752344e-05,0.0392868548856584,4.41965034826547e-05,4.41965034680678e-05,0.703541193752383,0.228503004522487,0.0270103304170764
"ATGCCGGTTGATGGGA-1",9.58561444492636e-05,9.58561445517477e-05,0.0125957392366448,0.163219173357314,9.58561445517486e-05,9.58561445517482e-05,0.642211978900926,0.106784996567579,0.0748046873594325
"ATGCTCTGGCGCGGTA-1",6.37534404014861e-05,0.0210853446670454,6.37534403813451e-05,0.111055946350246,6.37534403797083e-05,0.00016985949697226,0.86204023229034,0.00310731524071278,0.0023500416335211
"ATGTAAGGCTGCTCTT-1",0.000142308963668817,0.0135459991638588,0.337056317048198,0.182163196355311,0.000142308953801015,0.000142308954119448,0.266920266915662,0.190696285774254,0.00919100787112682
"ATGTACGATGACGTCG-1",0.000131675487968494,0.0463347393350024,0.0760766923710981,0.237542818729364,0.000131675486549862,0.000650316515731975,0.361899198144773,0.277088704604397,0.000144179325116144
"ATGTAGCGCGCGTAGG-1",0.0559545923250149,0.0894282489453624,0.400494848672174,0.226482055305431,9.31682513433656e-05,0.0252539854631579,0.196267019992781,0.00593291279339228,9.31682513433656e-05
"ATGTTGTAGTCTGTTT-1",6.10192810718381e-05,0.0081780349098438,6.10192811458914e-05,0.0363823058781171,6.1019281147862e-05,6.10192811493586e-05,0.369662502690122,0.522234896793578,0.0632981826038248
"ATTACTTACTGGGCAT-1",0.0055152342243671,4.70836751340047e-05,0.0122876349466796,0.700821844605142,4.70836739067838e-05,0.0942606052086247,0.177826419191012,4.70836751340046e-05,0.00914701080000026
"ATTATCGGAATGTACG-1",0.000198157074481036,0.248058485053582,0.294389970053841,0.248442321938718,0.006366369742282,0.0119261145602633,0.000363643554762391,0.107415825372125,0.0828391126499456
"ATTATTATGTCCGTCA-1",0.000140752810964807,0.00514271086969358,0.0258322082642109,0.0458023777676101,0.000140752810407771,0.000140752810407772,0.635724428665801,0.286935263190496,0.000140752810407769
"ATTCACTGATGTTGGA-1",0.00397752151179493,0.0487337302216606,0.000127843315688769,0.211766539000509,0.000127843315467446,0.0121757126958671,0.396605569570608,0.326187909549634,0.000297330818770506
"ATTCAGGACCTATTTC-1",0.00943129328514059,0.00937886850040688,0.000106687066627451,0.59840335124228,0.000106687066827081,0.0142901929928416,0.368069545712623,0.000106687066626798,0.000106687066626776
"ATTGACCGGCGATGAC-1",0.0260511593780233,0.111001213118034,0.064648010656838,0.385825046049844,0.000191871723680475,0.000191871723656273,0.283122585528652,0.128776370097615,0.000191871723656287
"ATTTACTAAGTCCATT-1",9.92682785686562e-05,9.92682805043316e-05,0.103152001309789,0.171172978575326,9.92682805043334e-05,9.92682805043361e-05,0.630914954167083,0.0375522548862169,0.0568107379415029
"ATTTCCGGGTTCTGCG-1",0.000140307193929971,0.272097588579919,0.444180545259463,0.222538038139845,0.000140307194611874,0.000140307193944651,0.000140307193944638,0.0413981103292103,0.0192244889151309
"CAAACCCTCCGGCGGG-1",0.000137363502825117,0.0437762861086668,0.443287877088888,0.193130617617853,0.00447148573495353,0.0420366945165612,0.000182489181685677,0.185299831176747,0.0876773550718194
"CAAATTGGATTATGCC-1",0.0236028083902228,0.0955982900088919,0.0937363459914648,0.340904331079195,0.000207162604905014,0.000207162604586819,0.387054970605165,0.0584817661109817,0.000207162604586824
"CAACACATCTCCTGCC-1",2.12702396281603e-05,2.12702385222385e-05,2.12702385199858e-05,0.0807895102663317,2.12702474403153e-05,2.12702385285722e-05,0.133112971742265,0.690667986327792,0.0953231804609726
"CAACCTGAACCTGCCA-1",0.000159755880804187,0.0168120773580371,0.000159755881375835,0.469164885718238,0.00195877954824247,0.000159755881375834,0.481582488460287,0.0298427453902636,0.000159755881375831
"CAAGACTCAGAAGCGC-1",4.54416943521579e-05,4.54416990438691e-05,4.54416982307889e-05,0.0720053432854019,0.00326389428458702,0.00245893574009229,0.240567223717635,0.619444063076275,0.0621242148043818
"CAAGTAAGTGATAGAC-1",0.0275396432196386,0.2060381375398,0.578288277526204,0.18394230976389,6.73849641968043e-05,6.73849646539445e-05,0.00028668427404957,0.00370279278291328,6.73849646539562e-05
"CAATGAGGTTCGACTA-1",6.75851634076709e-05,0.0136892878673629,6.75851636678878e-05,0.543405422388272,0.00215086115403557,0.0505642986230309,0.330327669102851,0.0251010111885616,0.0346262793488108
"CACAGGGCCGTTGTCA-1",2.83091923017544e-05,0.0129425370657311,2.83091913071576e-05,0.875338997410347,0.00314604320558686,2.83091913118332e-05,0.094006929939172,0.0144522556129235,2.83091913187687e-05
"CACATCGTGCACGCGC-1",6.82411386976944e-05,0.0138757882962729,0.00162939427893299,0.0524494295050608,0.00300618653875915,6.82411388419046e-05,0.554662810477193,0.319296780598244,0.0549431280279979
"CACATCTCACCGACGA-1",4.18085472331381e-05,0.00323862610045547,0.000887038510314661,0.0684331250358522,0.000573821374012684,0.00117099843418827,0.732579749014943,0.111304336475766,0.0817704965072346
"CACATTCTTTCGATGG-1",9.38678543728041e-05,0.0139897847886058,0.00434959110563423,0.362079539799336,9.38678529421519e-05,9.38678543281216e-05,0.582853442767325,0.0363329337694159,0.000113104208040074
"CACCCACGAGGCAATT-1",0.0031899512238628,0.02131822189734,0.000327529160937367,0.153830751043406,6.41752997182576e-05,0.000577324772216127,0.679930103059993,0.0952648561627941,0.0454970873797316
"CACCCGGTTTGTGACT-1",0.000129671056047065,0.192389433220774,0.386507602062344,0.278978241829795,0.0126534718764968,0.000129671057318502,0.000195913009864235,0.0462578514920153,0.0827581443953454
"CACCGTTAGGGATCAC-1",0.000133294298619213,0.213232051501081,0.395505076334409,0.333496506990408,0.000133294302521341,0.000133294302521343,0.000134284169771807,0.0331499206711199,0.0240822774295478
"CACGGACGTGGATGGC-1",0.000203130957259112,0.00419643344156342,0.000203130957577997,0.264294173418549,0.00348308483907612,0.055845554377423,0.404890401016802,0.266680960034165,0.000203130957584004
"CACTGACGATTGTGGA-1",0.000143445503880792,0.00332436321101322,0.0052058599884957,0.314974465194674,0.0038282619519592,0.0586155245123729,0.613621188631059,0.000143445503272575,0.000143445503272574
"CAGACACCGATCGCTG-1",0.000133810854269395,0.140943598170952,0.153201550858394,0.317392279951213,0.000133810854305515,0.0349570182541912,0.35293215324804,0.000164703871626091,0.00014107393700857
"CAGAGGCGATGCATGA-1",0.00161924994165913,0.130290627273396,0.234628774283498,0.184853254754166,0.0103467723722478,8.85210586823028e-05,0.339066386698957,0.0449302060826633,0.0541762075347301
"CAGATCATTTAAAGTC-1",6.00633493675726e-05,0.00339345170795973,6.00633505764773e-05,0.873240078864901,6.00633508963421e-05,6.00633505806013e-05,0.122284163028186,0.000781989646952186,6.00633505806066e-05
"CAGCAGTCTGTGCTGC-1",0.000148048600772154,0.0188875546046435,0.00455578083327252,0.399898977316243,0.000148048600305528,0.00803051252734106,0.568034980316811,0.000148048600305529,0.000148048600305539
"CAGCGATTCCCTTCAA-1",0.000146479624136819,0.161977674346068,0.404641632646145,0.205586917715017,0.000146479624894205,0.000146479625818349,0.0591571272532073,0.0962567592484903,0.0719404499162227
"CAGTAACTATTTATTG-1",0.0111192201638722,0.0176409378928089,0.0201085629946148,0.307010257334166,9.50330560790575e-05,0.00334919702718012,0.568053133106452,0.0697480731243422,0.00287558530048487
"CAGTACATTCTCTAAA-1",0.00518629048211575,0.0276853356340969,0.000105176871746875,0.577582630523803,0.000105176871584148,0.0130162256455554,0.376108810227606,0.000105176871746229,0.00010517687174623
"CAGTAGCCCACGCGGT-1",0.0136981894605457,0.310245302284476,0.231300479140868,0.239311541573467,0.000191521949915173,0.0190372935129547,0.185832628178578,0.000191521949626484,0.000191521949569592
"CAGTCGAGGATGCAAT-1",0.01944842423931,0.0389904894381177,0.0324949697315506,0.438405318827894,0.00825482596873868,0.0160209011263423,0.263071008277393,0.123583031487147,0.0597310309035062
"CATACACGGTTCCCAC-1",5.01148988798686e-05,0.00410582971548075,0.0161016250619526,0.677430784094695,5.01148985583349e-05,0.105336377901044,0.157520693433328,0.0393543450971885,5.01148988730009e-05
"CATACTTCTTTCTCCG-1",0.0181822384502986,0.0936920222135426,0.139791829614301,0.264968487402236,0.00027499164202409,0.0223231973291361,0.236547422164918,0.212315416918515,0.0119043942650284
"CATATACTACTGATAA-1",0.0279912076804275,0.0655850459598823,0.172747885775266,0.265364311518684,0.0172665523399718,0.0394581023350444,0.232146681918229,0.17924237214731,0.000197840325184885
"CATCTATCCCGTGTCT-1",0.00377885031647016,0.0117714765810484,0.0471773378131888,0.233149158172064,0.0100551235209838,0.0119506319875812,0.410294520425039,0.234913529965337,0.0369093712182876
"CATGAGATGCACTCTC-1",3.24902230422824e-05,0.00626770413990133,3.24902249667478e-05,0.0293760554098823,3.24902249638284e-05,3.24902249536336e-05,0.31466844562395,0.55975069333122,0.0898071405971201
"CATGATGCACAATTCT-1",7.01390125855473e-05,0.115125470953972,0.64543250105239,0.180059224097972,7.01390115604852e-05,7.01390126045111e-05,0.000130013472618168,0.0589106470379109,0.000131726348387387
"CATGCGACCAGTTTAA-1",0.00178365428034283,0.0162636643032805,0.243338044516089,0.347760371225365,0.00913622121520153,0.00455986060887642,0.371503888104587,0.000203373547735072,0.00545092219852283
"CATGGGTCGGGTGTGG-1",0.00012909161119024,0.0238950304885243,0.000129091611225284,0.115372741882375,0.000129091611225316,0.020703198248291,0.531458888632936,0.30800853340098,0.00017433251325309
"CATTACATAGATTGTG-1",0.000825844283296778,0.0146378461361543,5.05681002398827e-05,0.690910069883737,5.35899937310642e-05,0.102757012425114,0.181106072875873,0.00765288538638393,0.00200611091546941
"CATTACGTCGGCCCGT-1",0.000161496854386285,0.168719533583978,0.396914848651271,0.38025911719376,0.000161496854139746,0.00016149685441862,0.00016149685441861,0.0292527846253001,0.0242077285283281
"CATTCCCATTCCGTCG-1",6.47088420252128e-05,0.00336202251086556,0.0667552645355945,0.133372334101258,0.000164769292255876,6.47088437908889e-05,0.44145995940598,0.314020126861613,0.0407361056066161
"CATTGATGAACACGCC-1",0.0162712698176958,0.0820386193016085,0.0441073485815957,0.223749843835047,0.00019409703229919,0.0967119668253942,0.487935094319615,0.0487976632524023,0.000194097034341724
"CATTGCGGGTCAATTC-1",5.08538084935844e-05,0.0207953056637611,5.08538092449758e-05,0.79514296956682,0.00262857271921965,0.0101209791506434,0.153832889197091,0.0127625922571985,0.00461498382752811
"CCAATTACGGGTCGAG-1",6.85630352582809e-05,0.0118167052227612,0.00203317996007999,0.591264013860933,6.85630350198628e-05,0.00610934700017773,0.388502501815125,6.85630353225702e-05,6.85630353225679e-05
"CCACCAACTTTACTGT-1",0.000142587641532628,0.173212653598725,0.53003458949963,0.207218607574628,0.000142587641517266,0.000142587641525011,0.000142587641525024,0.0249329988626252,0.0640307998982927
"CCACTATCCGGGTCAC-1",6.60764310757446e-05,6.60764311366888e-05,6.6076431144073e-05,0.163638791058231,6.60764311339568e-05,0.00242832860082433,0.549452483627041,0.243365230857069,0.0408508601323448
"CCAGCGGGATCACCAG-1",0.000126548126436353,0.0143600270741867,0.0843880559216897,0.216007137068621,0.000126548117169215,0.00317866456385457,0.387785941802206,0.244685611809881,0.0493414655159557
"CCAGCTCGAACGCATT-1",5.67720104971848e-05,0.0288499279867795,0.0324999289402727,0.738690059310079,6.40648921664073e-05,5.67720105110392e-05,0.146550987584444,0.0503946778883314,0.0028368093769195
"CCAGTAGTCTGATCCA-1",0.00412122125944554,0.117698574118706,0.430488812416309,0.282595249534821,9.16894379114647e-05,0.0171515103972746,0.14766956395971,9.16894379114331e-05,9.16894379114366e-05
"CCATTGTTTCCTCCAT-1",9.11169173427371e-05,0.00017287316015562,9.11169180947455e-05,0.150138563316665,9.11169190473778e-05,0.0287923036524056,0.761253817334063,0.0238784550868484,0.0354906366953776
"CCATTTCTACCTATTA-1",0.000138657922929741,0.0311177477965485,0.119227250468779,0.400704725263381,0.000138657922943317,0.000138657922943352,0.448256986856589,0.000138657922943353,0.000138657922943337
"CCCAGAGGAGGGCGTA-1",0.00346560069858347,7.98289514499365e-05,0.00597773174468172,0.682822623928318,7.98289496200959e-05,0.00737709014309397,0.300037637681352,7.98289514499367e-05,7.98289514504393e-05
"CCCGGGTCGTTCAGGG-1",0.00048898257823366,0.0290899198104237,0.0205235363939794,0.500301129580575,0.000145829247215459,0.00157209002028241,0.411699200379291,0.0360267215643596,0.000152590425640605
"CCCGTAGCTGGGAAGA-1",0.00010251388635698,0.0198413637164271,0.569243226622284,0.16906710052364,0.00253675691736979,0.000102513886477772,0.206034311163718,0.000102513886477774,0.0329696993972485
"CCGAAGGGCGTACCGC-1",6.45377228261818e-05,0.00181927056280186,6.45377206963864e-05,0.00383415749728991,6.4537720644174e-05,6.45377211301669e-05,0.274983122110542,0.608129287003089,0.110976011940981
"CCGCATGTGGTACGAT-1",0.0072067417370961,0.0184034775485165,0.0107135625938528,0.351930346587356,0.000200847653639035,0.020154784680621,0.266387465635684,0.32470175623156,0.000301017331673531
"CCGCTCCAGGGCGATC-1",0.000153556408143007,0.0824407366519099,0.427105593378768,0.451250650181575,0.00456031008233418,0.0336163268762797,0.000153556408205575,0.000153556408175274,0.000565713604609112
"CCGGTTTGTAATTGTG-1",9.07804019557756e-05,0.0138995839327392,0.160260410561979,0.129838474785961,0.00885446613888911,0.00906469360590825,0.621983601000168,0.000221613234048664,0.0557863763383512
"CCGTGGAACGATCCAA-1",0.000810459179642274,0.106427497118793,0.0102263235791542,0.698887784009024,0.00479238542508969,0.0484546223172271,0.128317379355689,7.36654277707417e-05,0.00200988358760992
"CCTATACCGTCCTGTC-1",0.00243196641891821,0.032065382543466,0.197998849868703,0.205407150926291,0.00013733884675293,0.00013733884675293,0.465931297740501,0.000251222095431038,0.095639452713184
"CCTATATTTGTCCTGG-1",7.40942275781124e-05,0.00261983072940956,0.00716517401418791,0.698387534931403,7.40942279744049e-05,0.0509851841613346,0.222155432334802,0.0184645611457914,7.40942275197891e-05
"CCTATGGTCAAAGCTG-1",0.000138903904887038,0.0284275062538951,0.000138903905320964,0.175811925346572,0.000138903905320936,0.00013890390532376,0.431597026031019,0.363416203814801,0.000191722932858883
"CCTCACCTGAGGGAGC-1",0.000218508414199339,0.0315594432502921,0.301818369141182,0.183061771240001,0.00802066019768768,0.000218508414115198,0.474665722514292,0.000218508414115202,0.000218508414115194
"CCTCACCTTAGCATCG-1",0.0127389566262976,0.077872953382334,0.285445491625385,0.366548560083663,0.000143753178204015,0.00651245315240438,0.250450325595304,0.000143753178204016,0.000143753178204015
"CCTCGCGCGATATAGG-1",0.00800582378359666,0.0415553758070295,0.006475222109594,0.629606455125142,6.84555573269131e-05,0.0706829016090661,0.233152747729686,6.84555574288458e-05,0.0103845627211301
"CCTCGCGCTGTGCGAT-1",0.000102994871805121,0.0593367071720571,0.0153380536869246,0.536189871127749,0.000102994872488471,0.0240655830154677,0.360180200068918,0.00458060031276516,0.00010299487182553
"CCTTCGTATAGAATCC-1",0.000189436761875016,0.102223377377857,0.248635999514425,0.226196754585046,0.000189436762161911,0.00106480305076071,0.211060632443118,0.210248265877644,0.000191293627112219
"CCTTTCAATGAAGAAA-1",0.00577507600374344,0.0823655583008933,0.3403348776515,0.31373638356576,0.000212403148522694,0.0276744399931106,0.170719732267777,0.000212403148522684,0.0589691259201708
"CGAAGCTATAAATTCA-1",0.109867197493023,0.111206203824326,0.107463145850702,0.296616858485348,0.0122316737803896,0.00500862107744674,0.342256875489983,0.0150354990601216,0.00031392493865941
"CGAATGACGCATAATG-1",5.82394714092987e-05,0.0295502664753724,0.0132369521243404,0.646006516511455,5.82394715514287e-05,5.82394715538223e-05,0.285276308055359,0.0222171844118268,0.00353805400713179
"CGACTCAGGATGTTAT-1",0.0295449567896223,0.014337144854544,0.0157718421689105,0.229628497294619,0.000307165321448593,0.0179848767136735,0.428364875997087,0.263736786037336,0.000323854822758265
