"","B_cells","Endothelial_cells","Fibroblasts","Macrophages_and_MDSCs","Mast_cells","NK_and_T_cells","SMCs_Fibroblasts_Hybrids","SMCs_maintype","SMCs_subtype"
"AAACGCTGGGCACGAC-1",4.20722386201539e-05,0.0224836194114846,4.20722385743891e-05,0.012193048543027,0.0182155014008811,0.0384929788071251,0.829842948900789,9.44856928247059e-05,0.0785932727666734
"AAACGGTTGCGAACTG-1",9.24323853948798e-05,0.0118284572801618,9.24323853935435e-05,0.00907935445993741,9.24323853921443e-05,0.00293465796078155,0.720180410219817,0.187272509142641,0.0684273137804804
"AAACTCGTGATATAAG-1",6.3615022963621e-05,0.00406098530703924,0.0214571605959275,6.36150226833793e-05,0.00164358248499053,6.36150226834242e-05,0.135797176083541,0.821326285487568,0.0155239649726038
"AAAGACTGGGCGCTTT-1",9.60028029183668e-05,0.00195725638815432,9.60028028405402e-05,9.60028028521739e-05,9.60028028431173e-05,9.60028028515878e-05,0.658858506516364,0.319597645667108,0.0191065774140684
"AAAGCTTGCCTACATA-1",0.000388322846346928,0.320875625620877,0.383981497531332,0.0256021758548025,0.00449148333573734,0.00013361238727957,0.000133612387279568,0.252654711543208,0.0117389584931373
"AAAGGCTACGGACCAT-1",6.78387074516194e-05,0.00244125735997216,0.00153355703912358,6.78387074470833e-05,0.00835397151080056,6.78387074531785e-05,0.143765815773264,0.816437717769123,0.0272641644253643
"AAAGGGCAGCTTGAAT-1",9.47802709362886e-05,0.05142763217172,9.4780270935682e-05,9.47802709356807e-05,9.4780270935682e-05,0.0223790856584216,0.417058980601041,0.508446141163006,0.000309039322068452
"AAAGTCGACCCTCAGT-1",9.11640647292421e-05,0.0376638911396314,0.561147613121776,0.286472560915842,9.1164064861491e-05,9.11640647292427e-05,9.11640647292442e-05,0.0170338490778249,0.0973174294858771
"AAAGTGCCATCAATTA-1",0.000662447733331983,0.00811970323565513,0.0187405581824655,0.0146297362687245,0.00116832315010771,0.0119086270751007,0.34362022636598,0.54456740898875,0.0565829689998841
"AAATAACCATACGGGA-1",4.7209734756626e-05,0.00566054272689295,4.72097340556064e-05,4.72097340644469e-05,0.00208535189093589,4.72097340587273e-05,0.311944586016173,0.595432495495171,0.0846881849338918
"AAATAAGGTAGTGCCC-1",0.00199205488341681,9.69059306822133e-05,9.69059306822217e-05,0.032451748740636,9.69059306821648e-05,0.000756368734474803,0.96418062218921,0.000160715453544616,0.000167772206671387
"AAATAGCTTAGACTTT-1",6.70994063331301e-05,6.70994063321839e-05,6.70994063321805e-05,6.70994063733314e-05,6.70994063321796e-05,0.0264855233998012,0.725838807395934,0.246956223720553,0.000383948452008226
"AAATGATTCGATCAGC-1",9.79780890752076e-05,9.79780890752894e-05,0.678196689286606,0.146047484877541,9.79780893412353e-05,9.79780890753e-05,0.000138465901127159,0.175091828693571,0.000133618884588163
"AAATTACACGACTCTG-1",9.55321093091932e-05,9.55321093018967e-05,0.00178220152592906,9.55321092779581e-05,9.55321093018803e-05,9.55321093018863e-05,0.000106839318415745,0.997426211634087,0.000207086975075118
"AAATTACCTATCGATG-1",6.7692091714795e-05,0.0165774102747215,6.76920917085383e-05,0.00594118015076495,0.00787517046393067,6.7692091712791e-05,0.658924768396084,0.308538797913831,0.00193959652553145
"AAATTCCAGGTCCAAA-1",3.5512457136192e-05,3.55124571376361e-05,3.5512457143525e-05,3.69556621970189e-05,3.55124571375007e-05,3.55124571376546e-05,0.261434255280827,0.668671903724547,0.0696793230467362
"AACAACTGGTAGTTGC-1",0.000135857621148588,0.171313604467343,0.147950237041339,0.000135857621148584,0.000135857621148586,0.000135857621148577,0.230485702964745,0.449571167420831,0.00013585762114859
"AACATTGTGACTCGAG-1",6.40345877410707e-05,6.40345877410731e-05,0.478680103464124,0.191523793683261,0.0203966510119804,0.102619794388308,0.0583325495751446,0.093389217090528,0.0549298216111725
"AACCAAGACTTCTCTG-1",9.52195663481094e-05,9.52195663469351e-05,9.52195662938204e-05,9.52195663466741e-05,9.52195663469377e-05,9.52195663469527e-05,0.129153293380458,0.869980491990895,0.000294897230617878
"AACCTGTCACGGAATT-1",0.0623853940356326,0.0146101863835247,0.597885791486668,0.102041437738291,4.32334899325638e-05,4.32334899325583e-05,0.0838775269840947,0.139006759169153,0.000106437222771084
"AACGACCTCCTAGCCG-1",0.000132105817423582,0.000132105817421574,0.205062847758078,0.0882329917641604,0.0259352431676731,0.0271029006340258,0.364528616031241,0.28866144891485,0.000211740095126369
"AACGCATGATCTGGGT-1",9.58126903574784e-05,0.00537865413439883,9.58126903581539e-05,9.5812690358762e-05,0.00290364314566831,9.5812690358154e-05,0.535763151954568,0.363182441177685,0.0923888588262474
"AACGCGACCTTGGGCG-1",9.23889730403901e-05,9.2388973039495e-05,0.031535388538177,0.00190887518326394,0.00831499968471002,0.00390505622051485,0.403072502185155,0.542471302335141,0.00860709790695912
"AACGTCAGACTAGTGG-1",0.0249883474916299,0.288394911380788,0.162092205918065,0.0267346933249447,0.000121556715626911,0.000121556715843979,0.169458898087672,0.327921605361705,0.000166225003723333
"AACGTTCTACCATTGT-1",6.58473999823678e-05,0.010440287842006,6.58473999999019e-05,0.00244301478660797,6.58473996533686e-05,0.00873433056753269,0.415137210430149,0.403117415876984,0.159930198297085
"AACTCAAGTTAATTGC-1",0.0151367288127517,0.0327831549993121,0.193320787674874,0.110787804664452,9.17678747766913e-05,0.0206918919641377,0.0522263871341396,0.574860993278328,0.000100483597227637
"AACTCCTAATCCCATG-1",8.9624729431735e-05,0.0564544707155188,8.96247294303365e-05,0.0176443884625793,8.96247294309062e-05,8.96247294303434e-05,0.820750098695758,0.104684976462034,0.000107566746385992
"AACTCTCAATAGAGCG-1",8.74449134182789e-05,0.0212647594113708,0.0115646562719251,0.0090256034976612,8.74449134147081e-05,8.74449134152963e-05,0.647070967771473,0.310675167065318,0.000136511242003724
"AACTTCTGCGTCTATC-1",9.04940975864293e-05,9.04940976153408e-05,9.04940976127519e-05,9.04940976159215e-05,9.04940976153206e-05,0.0146342603341025,0.367380837592045,0.508288549312373,0.109243882273434
"AAGACATACGTGGTTT-1",0.000128443530788424,0.14182217185567,0.199951686712026,0.0798235106449119,0.000128443530788481,0.000128443530788478,0.218639845951928,0.293204233237996,0.0661732210051029
"AAGACCCAACTGAACA-1",0.0249656173059818,0.0795210047744687,0.461609125751715,0.109869295072146,0.00541171630131597,9.86849075627952e-05,0.139720200559695,0.178639201165511,0.000165154161603324
"AAGAGGATGTACGCGA-1",9.6001979395621e-05,9.60019793889354e-05,0.0529996123979954,0.0314689104079469,9.60019793971141e-05,9.6001979388933e-05,0.2135618996067,0.701489567690398,9.60019793889402e-05
"AAGATTGGCGGAACGT-1",3.09195018530381e-05,3.09195018464966e-05,3.09195018436408e-05,3.09195018409547e-05,3.09195018776731e-05,3.09195018456899e-05,0.126830202797989,0.7939642720023,0.0790200081886042
"AAGCCGGAGAGCAGGA-1",0.0545683109719741,0.103237265406178,0.394071905853465,0.0684128907000535,0.00542363050300327,0.0878254233362678,0.120631520514408,0.165693766798312,0.000135285916337796
"AAGCGCAGGGCTTTGA-1",8.81022217477003e-05,0.0349235956139998,0.0312202805542771,0.0285405248530173,0.0068754170039958,0.0689505568616464,0.483331048164633,0.345941975718572,0.000128499008110393
"AAGCGGCGTCATGGGT-1",6.21146399431126e-05,0.0296808945599805,0.764100411212541,0.116744568965576,6.21146395549789e-05,6.21146399396199e-05,0.000162477307109374,0.0890631893954162,6.21146399396287e-05
"AAGGATCGATCGCTTG-1",0.000457281371487045,0.000136579839350105,0.341456740632877,0.193739106249744,0.000136579839349934,0.0403444476817166,0.257807947851711,0.16563285896213,0.000288457571634575
"AAGGATGAGGGACCTC-1",9.17306559427849e-05,0.0206467576063011,0.00369098559034551,0.0303376548632562,9.17306558305083e-05,0.00196291648895697,0.305047522730269,0.637840917088857,0.000289784320241454
"AAGGCGCGTAAAGCTT-1",0.000203199619170919,0.120148777912721,0.147439668158553,0.0591999621638284,0.000203199619170923,0.000203199619170926,0.314310357486888,0.358035880219585,0.000255755200912323
"AAGGGACAGATTCTGT-1",4.82065169377221e-05,0.0104929180470666,4.82065169406146e-05,0.00198260364215659,4.82065169357157e-05,0.00705526704359843,0.425928953082895,0.554282878954037,0.000112759679432804
"AAGGGTTAGCCATGCG-1",9.57238345329689e-05,0.00403786073646271,0.180436125864164,0.0281730734939163,9.57238335711603e-05,9.57238345332684e-05,0.243968322729425,0.414995517727015,0.128101927946379
"AAGGTATCCTAATATA-1",9.31184247559171e-05,0.0443557059513946,0.333023165924412,0.0612535545860281,9.31184247553465e-05,9.31184247553457e-05,0.118709224322206,0.44210543654473,0.000273557396963331
"AAGTGACGACCGAATT-1",7.00198376724037e-05,0.000125879060664173,0.782845289475859,0.162208197933751,7.00198353900721e-05,0.0543879049164702,9.73520162914751e-05,7.00198376724042e-05,0.000125317086229819
"AAGTGAGTCGGGTTTA-1",7.94217656637529e-05,0.169212697115446,0.595311395312042,0.234999376978528,7.94217656638492e-05,7.94217656638498e-05,7.94217656638452e-05,7.94217656638491e-05,7.94217656638327e-05
"AAGTGCAAAGGTAGAC-1",6.34642433882593e-05,6.34642433579735e-05,0.0239684121221682,6.34642433579921e-05,6.34642429631029e-05,6.34642433579929e-05,6.78266029916878e-05,0.863115176644617,0.112531263413797
"AAGTTCAGTCTGCGTA-1",6.83137276238405e-05,0.00462815072771175,6.83137280261447e-05,6.83137280347102e-05,6.83137280330289e-05,6.83137280486822e-05,0.448919481741274,0.519911605825335,0.0261991930659131
"AATAACAACGCTCGGC-1",4.56188406202783e-05,0.00415178076746105,4.56188406228424e-05,0.000124120843846067,4.56188406133723e-05,4.56188406155104e-05,0.490840144981866,0.47372177429718,0.0309797037471745
"AATAGCTACCGCGTGC-1",0.000134893523140056,0.141202149382493,0.418759865134043,0.0808218884952347,0.000134893523490588,0.11980853874571,0.00028928646734389,0.238713591205405,0.000134893523140022
"AATAGTCCGTCCCGAC-1",0.0120488551321729,0.118769184460118,0.340540344882811,0.178740647648474,0.0287150497395479,8.49011222575722e-05,0.0175744368497025,0.303439153294456,8.74268704599904e-05
"AATAGTCGCGAGTCGG-1",6.65912692445539e-05,0.00124920287707483,6.65912692513088e-05,6.65912692455563e-05,6.65912692442359e-05,6.65912692442359e-05,0.20317462900917,0.745670318744731,0.0495728930227936
"AATATTGGAGTATTGA-1",0.000147506312767739,0.012369313199175,0.457568681720775,0.085974026428957,0.000147506312180705,0.0554264802190752,0.296317887665515,0.0918082048633293,0.000240393278224874
"AATCTATGCCGGAGCC-1",9.5758629371655e-05,9.57586293709925e-05,0.0541625137201333,0.0312855587276681,9.57586293709963e-05,9.57586293709951e-05,0.533342058532385,0.380543124340428,0.00028371016190111
"AATCTGCGTTGGGACG-1",6.63491603169833e-05,6.63491608678956e-05,6.63491608678962e-05,6.63491608682518e-05,6.63491608679043e-05,6.63491608678979e-05,0.296724811266808,0.576236062720352,0.126641031048183
"AATGATGATACGCTAT-1",6.43558042203515e-05,0.000140769181805906,0.00096012927804084,6.43558042155262e-05,6.43558042156154e-05,6.43558042155527e-05,0.705073586387303,0.244000003713886,0.049568088222097
"AATGGTCCACCGTTCA-1",4.59179678239333e-05,0.00500111857084302,4.59179678192697e-05,4.59179678248224e-05,4.59179677028295e-05,4.59179678295544e-05,0.281204645492609,0.684864747948677,0.0286998981488709
"AATTCATAAGGGATCT-1",3.1511148622904e-05,0.0257366950515221,3.15111486184401e-05,6.55670126575045e-05,3.15111487693829e-05,3.15111486234249e-05,0.304525554197224,0.629501742665247,0.0400443964787146
"AATTCCAAGCATGTAC-1",6.39148850895281e-05,0.0093430704035375,6.39148850934948e-05,0.00165744923963715,6.39148850809387e-05,6.39148850906838e-05,0.821278546907502,0.112922698305154,0.0545425756038151
"AATTCGATTCGAGGAT-1",5.39097707726927e-05,0.736162333985496,0.106875800482713,0.0851106771751027,5.39097707727122e-05,5.9934609004127e-05,5.39097707726945e-05,0.071571582011017,5.79424243495942e-05
"AATTGTGGTTGCCAAA-1",0.000133924251754397,0.018202897496252,0.368406952706189,0.0888939590237881,0.000133924250910635,0.000133924251752362,0.306427626623687,0.217392477462365,0.000274313933301188
"AATTTGGGACATAGTA-1",8.04609369774359e-05,0.708165299028633,8.0460936973861e-05,0.00643532758804931,8.04609369771147e-05,8.04609369766357e-05,0.225614857819985,0.059042770079951,0.000419901735476746
"ACAAGGACAAGAGGTT-1",9.52105424829496e-05,0.0129096734810326,0.00644545030710143,9.52105425466822e-05,9.52105425464788e-05,9.52105425464839e-05,0.215066121517244,0.765102701981953,9.52105425464999e-05
"ACAATCCATTTAAACC-1",4.48113661697479e-05,4.48113661716567e-05,4.48113661716599e-05,0.00949704875387575,4.48113650533527e-05,4.48113661716592e-05,0.700428447726915,0.258841031939367,0.0310094147501034
"ACACCACATAATTAGC-1",6.96891190977113e-05,6.96891190922986e-05,0.0389031839920367,0.00200374806419788,6.968911909229e-05,0.00734610138897486,0.22853085579757,0.660537887869595,0.0624691555303428
"ACACCTTAAGTAGGGC-1",0.0110923943658251,0.493057993632344,0.249601086542243,0.0684229208400051,5.44497761113209e-05,0.0166850803142935,0.0378353161675399,0.0954481568548486,0.0278026015067892
"ACACTCCAATGTCACT-1",6.49979154103119e-05,6.49979154062174e-05,6.49979153866139e-05,6.49979135657572e-05,6.49979154061909e-05,0.0023178856031034,0.123944070095205,0.809942392672286,0.0634706620542303
"ACATGGCGCCAAAGTA-1",6.85186604129556e-05,0.00361589622592796,0.797437706297398,0.0795205286393438,0.00532123353380315,6.85186604119772e-05,0.000450937173739015,0.0807035521333482,0.0328131086756153
"ACCAACACCACACACT-1",4.38125060153098e-05,0.0434809423679557,0.586291688462246,0.0558092104206947,4.38125053615468e-05,0.0504266184583631,0.01779579419232,0.246057484997451,5.06360895932716e-05
"ACCACCCTCTCTTCTA-1",6.73916031863605e-05,0.0979803082495494,0.407307408111712,0.0247339477525479,6.73916030836084e-05,6.73916031863689e-05,0.0385369295089427,0.334047416642036,0.0971918149257559
"ACCCAACGCCCGTGGC-1",9.26479366324415e-05,0.00763257519335691,0.397266863600162,0.0917468879974056,0.00952741363291452,0.050300151515777,0.164576382023889,0.260871412980782,0.0179856651190805
"ACCCATCTTGAGGGTA-1",6.45867590015011e-05,0.0258218055543686,6.45867589912142e-05,0.00175651155170421,6.45867589975514e-05,6.45867590004045e-05,0.457372738592354,0.514560781830857,0.000229815434725523
"ACCCGGATGACGCATC-1",4.65611794100002e-05,0.0044214496346492,4.65611794245572e-05,4.65611794089382e-05,4.65611794090576e-05,4.6561179411395e-05,0.245750856474343,0.717005409887505,0.0325894781064386
"ACCCGTAGTCTAGTTG-1",9.82122675475672e-05,0.0551604443060191,0.359544959512031,0.078582912884885,0.0155949222791767,9.82122675469244e-05,0.12650603527083,0.364312772240149,0.00010152897181507
"ACCCGTGTCATCAGTA-1",0.000120677040763638,0.269058952165474,0.398570373669331,0.126391103198805,0.0431562763166018,0.0840205045956221,0.000120677040763666,0.0784300508834049,0.000131385089233671
"ACCCTGGTAACGCCCT-1",0.00011147257055592,0.1531524320416,0.617576799812353,0.013695956752474,0.0484449989032409,0.0653436176950593,0.000111472572744135,0.00011147257274413,0.101451777079229
"ACCGACACATCTCCCA-1",6.27064617725522e-05,6.27064617742423e-05,6.27064617742442e-05,0.00245572094620008,6.27064617727503e-05,6.27064617742421e-05,0.717441860979817,0.255410495190462,0.0243783905746526
"ACCGAGTCTCCTTATT-1",0.000263958717800463,0.22820940477091,0.165193162566802,0.131396221947329,0.0178238821807532,0.000263958717800467,0.168874819961312,0.185815451654432,0.10215913948286
"ACCGATGGTAGCATCG-1",8.7866712612898e-05,0.0510244288666743,0.299333739027872,0.0113940393183941,8.78667124905673e-05,0.016906230215716,0.400969241151317,0.219973182814735,0.000223405180187437
"ACCTACTATAAATCTA-1",6.68179651784223e-05,0.00339385117254804,6.68179651810687e-05,0.0053832107991798,6.68179651708731e-05,6.68179651730911e-05,0.705219856862328,0.250703249337153,0.0350325599680885
"ACCTCCGTTATTCACC-1",9.58753424276745e-05,9.58753424276845e-05,9.58753424276856e-05,0.00630091519850893,9.58753424290339e-05,9.58753424276847e-05,0.992997172153303,0.000107283228726727,0.000115252707321712
"ACGATACATAGAACTA-1",6.17670671838198e-05,0.0392958897977976,0.349521059339748,0.163584536706174,6.17670671838141e-05,6.17670671838146e-05,0.0614934910848333,0.385793411771147,0.000126310098748949
"ACGATCATCTTGTAAA-1",9.52901389488635e-05,0.00456985882008968,9.52901389474905e-05,9.52901389473813e-05,9.52901386009609e-05,9.5290138947482e-05,0.605451029790367,0.325105511367606,0.0643971493275459
"ACGATGCATATGTTAT-1",0.000139000726054961,0.0176184236705301,0.135812548330476,0.0716038148005831,0.000139000726054706,0.000139000726054956,0.360575883523213,0.413804754811679,0.000167572685355259
"ACGCAAACTAATAGAT-1",8.92276677681844e-05,0.412029020153618,0.508637027027926,0.0374878721073851,8.92276677681843e-05,8.92276677681842e-05,0.000110277969890115,0.0413022223314842,0.000165897406391888
"ACGCAATCACTACAGC-1",0.000628342480370459,0.0166619144618004,0.0404297436815111,0.00653085762691757,9.64033579559728e-05,9.64033579553565e-05,0.512679136282886,0.422586250654389,0.00029094809621434
"ACGCGCTACACAGGGT-1",0.000134627468044074,0.000134627468044061,0.446182965851304,0.126968680179625,0.000134627468029966,0.0526310408784628,0.34258565457564,0.0309776377508801,0.000250138359969633
"ACGCTACTGAATGGGC-1",0.000548589738995442,0.0427944241153102,0.251194734240042,0.0407683385119444,0.00928300839971245,0.000132889792518254,0.300067699202893,0.354960170446839,0.000250145551744371
"ACGGAGCGCAAATTAC-1",0.000164797903823101,0.0267222831501589,0.408551975050912,0.135831622071393,0.000164797903895601,0.000164797903823093,0.105335636209656,0.183398500205246,0.139665589601094
"ACGGGCGTATGCGACA-1",7.1789551648324e-05,0.0375518794110135,0.808407864784426,0.0456223574591001,7.17895498847226e-05,0.0177389440055526,9.02218650362429e-05,0.054471915700303,0.0359732376730352
"ACGGGTCATGTGACTT-1",6.86749648858307e-05,7.71497104013722e-05,0.901780553664915,0.0590736649199042,6.86749644619808e-05,6.86749648858381e-05,0.000179808642236835,6.86749648858366e-05,0.0386141232034229
"ACGTTAGATTTGCCCG-1",9.36805858187378e-05,0.0190965075191784,0.374452684648005,0.081795791685175,9.36805848419782e-05,0.00333420596388953,0.0779188147968446,0.442129748784767,0.00108488543147966
"ACGTTCGCAATCAATT-1",9.32745124917298e-05,0.000586043326210968,9.3274512493005e-05,0.000734560974612833,9.3274512493005e-05,9.32745124930035e-05,0.944897562883732,0.0532523657763039,0.000156368989169749
"ACGTTTCGGTGCACTT-1",6.42231085292779e-05,0.00439216266722427,0.0282640684222691,0.00227207546312156,6.42231085325032e-05,6.42231085321783e-05,0.304809304428482,0.65269350699306,0.00737621270024975
"ACTACAAAGAGAGGTG-1",7.95187073555089e-05,0.0582739386154045,0.649742352089305,0.100093055836847,7.95187068119969e-05,0.191493059922209,7.95187073554913e-05,7.9518707355507e-05,7.95187073555294e-05
"ACTACCAGCTCTCTGG-1",9.20449411512282e-05,0.0982817995592181,0.336263192856621,0.0776971555089328,9.20449408007252e-05,9.20449411511997e-05,0.13724877760768,0.24784221813548,0.102390721508965
"ACTACGCGTTAGAATT-1",2.3187974505012e-05,0.00517065174859821,2.31879745283837e-05,2.31879745035921e-05,2.31879745179215e-05,2.31879745057255e-05,0.0540559181195443,0.937323227290132,0.00333426296916449
"ACTATATGCTGTGTTC-1",0.0208952492811891,0.000130739751961179,0.442971728791361,0.079588085449405,6.12896243886607e-05,6.12896223079233e-05,0.000197808303812093,0.331541640754779,0.124552168420796
"ACTATCCAGGGCATGG-1",0.00041413251040218,3.29201010488174e-05,3.29201010490239e-05,0.000156129241183648,3.29201010458814e-05,0.00279488384274694,0.222258294971521,0.691695498327429,0.0825823008035738
"ACTCGATGTATTTCAT-1",5.10884712530727e-05,0.012473134232359,5.10884720420737e-05,0.0016484599002495,5.10884712490223e-05,5.10884712490217e-05,0.809333202381674,0.13657711040098,0.0397637391989442
"ACTGCGGACACACCGT-1",0.0393534802152508,5.89680340238903e-05,0.548293328553566,0.0732710708725858,0.0187924166290864,0.0481978906306754,0.0950585835853465,0.0688704025764122,0.108103858903053
"ACTGGGATGCCAGTGC-1",2.29216272198948e-05,2.29216272196172e-05,2.29216272191618e-05,0.0383160782197983,2.29216272175919e-05,0.00485517833961663,0.234787115338577,0.710644460918107,0.0113054806750246
"ACTGTAGCACTTTGGA-1",9.21859635086556e-05,0.0587554603532044,0.257217077243883,0.0138092205791577,0.0107773955739239,9.21859635086546e-05,0.331475515522281,0.317301015792347,0.0104799430081858
"ACTTACCGGGCGCGCA-1",9.74885614739319e-05,9.74885614611122e-05,9.74885614675708e-05,9.74885614567786e-05,9.74885614611312e-05,9.74885614610879e-05,0.258160642013465,0.740981786898227,0.000272639719526419
"ACTTGGGCTTTCGCCA-1",0.000134217470076876,0.0584781546161285,0.0522010183345523,0.0114622545079787,0.00619740791460013,0.000134217470075627,0.512915968668333,0.358216905869457,0.000259855148797922
"AGAAGGTTGTAGGTCG-1",0.0180687152655595,0.606116900531842,0.0778102928580433,0.0737083870223668,5.57108836009814e-05,5.57108830179126e-05,5.57108830179076e-05,0.224058291691832,7.02799807200862e-05
"AGAATTATGGATTCGA-1",5.90319350244096e-05,5.90319350222378e-05,5.90319350222387e-05,0.00300748919239024,0.000618724156765197,5.90319350222378e-05,0.909882657242723,0.0338357103759128,0.0524192912921179
"AGACCATGGGATACAA-1",6.48850465028674e-05,0.0186783313553248,0.00570339362927345,0.0140673523538626,6.48850465018585e-05,6.48850465018648e-05,0.376726432962888,0.488198270676667,0.0964315638824769
"AGAGCGTACAAGCTCG-1",0.00853195116490318,0.0422424946985134,0.0176215466118937,9.52965821769309e-05,9.52965808523853e-05,0.011940552292128,0.437750854620285,0.481541814647056,0.000180192802191408
"AGAGTATAGTGTTACG-1",0.0307553717564405,0.111026748010304,0.327161880139943,0.183460000376247,0.000128577685708436,0.000128577685728305,0.066440226334669,0.248004601531261,0.0328940164796987
"AGAGTCTTAATGAAAG-1",0.00567084039342059,0.0419692578180584,0.129785916187921,0.0245723129399254,9.78622855995207e-05,0.00207177338404903,0.362531860625262,0.432994110456723,0.000306065909039889
"AGATATAATACGACTA-1",8.3617325864537e-05,0.0126765403342351,8.36173258557266e-05,0.00294780651309942,8.36173258574983e-05,8.36173258569129e-05,0.502555367731825,0.348398043579889,0.133087772537517
"AGATGAGGGTTGCGAT-1",9.57201336775472e-05,9.57201339001764e-05,9.57201339007566e-05,9.57201339010024e-05,9.57201339001501e-05,9.57201339001761e-05,0.509020588480615,0.450491144521237,0.0399139461949683
"AGATGATGGAGTCTGG-1",5.94215545409797e-05,5.94215545768661e-05,5.94215545768656e-05,5.94215544327792e-05,5.94215545768653e-05,5.94215545768663e-05,0.999492393066351,7.30689742121569e-05,7.80086321559446e-05
"AGCACTACCGGCCTGT-1",0.000144796548221038,0.000698170171476372,0.000144796548477565,0.00845621473148661,0.000144796548508179,0.000144796548499877,0.0492899217102303,0.9408317106446,0.000144796548499871
"AGCACTTAAGGACGCC-1",9.04548422635989e-05,0.0962491033949228,9.04548422622384e-05,0.00680895325265992,9.04548422622363e-05,9.04548422622393e-05,0.439265096498579,0.442611107631324,0.0147039198534642
"AGCAGCCAGATGAATA-1",8.77030392331688e-05,0.286591595776875,0.304456468904523,0.0719328191583039,8.77030380198789e-05,0.01149273359066,0.0486177449770675,0.247050642896264,0.0296825886190538
"AGCCAAGCTTTGTGTC-1",7.84584832049025e-05,0.341543443416538,7.84584832087084e-05,0.00449105462095028,0.00235439091062236,7.84584832087086e-05,0.481261320450622,0.0566777786674058,0.113436636484238
"AGCCACTCCCGTGCTT-1",6.2021103132866e-05,0.0607017539698304,0.512409562173148,0.0272962461796709,6.2021102818068e-05,0.00643983158802845,0.0172312247690242,0.375723176237846,7.41628765012876e-05
"AGCCCGCAACAAGCAG-1",6.89592535627603e-05,6.89592532472178e-05,0.000498995742482077,6.89592532531683e-05,0.00199598219807757,6.89592532472025e-05,0.256651103013799,0.740509122779084,6.89592532472188e-05
"AGCCCTTCTAATCCGA-1",6.65135376215673e-05,0.0010523485131693,6.65135374876566e-05,6.65135376135785e-05,6.65135376190926e-05,6.65135376234099e-05,0.58398748504301,0.371220213509538,0.0434073852463175
"AGCGCATAATGAATCG-1",7.99805928425317e-05,0.308166040801198,0.237598578792662,0.146449771294156,7.99805917483879e-05,0.0663892138045759,0.0076144397403586,0.184840971659629,0.0487810227228305
"AGCGCGGGTGCCAATG-1",4.61872712939704e-05,0.00283941267720639,4.61872712902914e-05,0.00229185808912337,4.61872712904127e-05,4.61872712899968e-05,0.45438913171053,0.442001759214535,0.0982930892234399
"AGCTATTTAATCCAAC-1",0.000123120457628515,0.114823699669825,0.154690218409566,0.0106224737099149,0.0242790999333105,0.103183988480619,0.245065883542159,0.320950093625242,0.026261422171736
"AGCTCTTCCCAGTGCA-1",6.87379242955697e-05,0.00206587497389589,6.87379242733732e-05,6.87379242942738e-05,6.87379242978942e-05,6.87379242943716e-05,0.348550605949958,0.640663127497192,0.00837670195749843
"AGCTCTTCGTAACCTT-1",6.72032547222469e-05,6.8558601513675e-05,0.570691313757408,0.0338518390747256,6.72032530683607e-05,6.72032547218287e-05,0.255423727808005,0.0417943208540195,0.0979686301418153
"AGCTGAAGTAAACCAA-1",0.00709257966889767,0.0229416513485062,0.411372591403268,0.118999673661696,0.0214309742954284,0.000123610837890333,0.233831879167238,0.183987471483273,0.000219568133802615
"AGGAACGAACGACTTC-1",9.24446421266429e-05,0.0539887334989211,0.296596613126867,0.0603708186879414,9.24446434461256e-05,9.24446421266418e-05,0.417402115643181,0.171158750434265,0.000205634681126137
"AGGAAGCTGTCCGCCG-1",6.37642696078897e-05,6.37642691798423e-05,0.00106015139078438,6.37642691797774e-05,6.37642691841209e-05,6.37642691798472e-05,0.654369781957677,0.329877578914674,0.0143736663905329
"AGGACATCGGCACACT-1",6.71440508578736e-05,0.0208224635334537,7.0792422213508e-05,0.000274802147956447,6.71440508642969e-05,6.71440508607089e-05,0.485909026807907,0.417931593863417,0.0747898890724702
"AGGATTGCTTACGACA-1",6.56912629135319e-05,0.0018186422322295,0.458996253859759,0.135014908004201,6.56912612777163e-05,0.046750263374532,0.220394766518433,0.131536555051524,0.0053572284351309
"AGGCAGATGCGTAAAC-1",0.000138770230845366,0.0342545513420336,0.259288279839239,0.0448207949556381,0.00417223683549455,0.00928056308240515,0.464092069908797,0.18379988328924,0.000152850516308141
"AGGCAGGGAGCGTACT-1",3.60337174659623e-05,0.847053309377787,0.115789969133821,7.33752973990122e-05,0.000469160409763396,3.65407232450079e-05,3.603371746685e-05,0.0364695439055849,3.60337174668602e-05
"AGGCCACCCGTTATGA-1",0.000294055479701771,0.0716536056464468,0.148924651857277,0.0639796042713316,0.0899142078539617,0.023875847796167,0.418043259807849,0.183020711807563,0.000294055479701772
"AGGCCTATCATACCAA-1",6.59107316727301e-05,6.59107268534051e-05,0.0133336821353455,0.106223934934072,6.59107268512169e-05,0.0583088529429717,0.423095290847776,0.395270099278904,0.00357040767555333
"AGGGAAACGAGGTACT-1",0.000128726917381395,0.196195478894155,0.000128726917383684,0.00965303991167543,0.000128726917381199,0.0397526329500898,0.430175306759562,0.205422161080872,0.118415199651499
"AGGGACCGGCTGCGTT-1",9.98057370668349e-05,9.98057370657455e-05,9.98057370657414e-05,0.0077650935355942,9.98057370656981e-05,9.98057370657432e-05,0.634026169707834,0.357284249943666,0.000425458127575859
"AGGGAGACATACTTCG-1",9.20478283357147e-05,0.0255230915208573,9.20478283351589e-05,0.0185572179610605,9.20478283351589e-05,0.0190424994211146,0.737699490875101,0.198690508984233,0.000211047752628091
"AGGGCCCTAATGTTCT-1",9.77089492884837e-05,0.000694847668180101,0.0626049076381531,0.0646884112200765,9.77089492947273e-05,0.00240098909982533,0.41350911832433,0.455653975790492,0.000252332360359404
"AGGGTCGATGCGAACT-1",2.31480560047866e-05,2.31480560056418e-05,2.31480560032659e-05,2.31480559840774e-05,2.31480560062669e-05,2.31480560056387e-05,0.275264341261551,0.632800185809971,0.0917965845924684
"AGGGTCTGGACGCAGT-1",9.5860890018234e-05,9.58608900206104e-05,0.0800377338692507,0.0479979528008789,0.0421123115097451,0.0210602135823511,0.314923010411973,0.473921028093843,0.0197560279519195
"AGGGTGGATAGTGCAT-1",9.82552468331314e-05,9.82552472318404e-05,0.0126341559983076,0.0088265333102556,9.82552472318461e-05,9.82552472318336e-05,0.276926400533267,0.701076371057484,0.000143518112157484
"AGGGTTCCCTTTGGTT-1",8.69829470783095e-05,0.0270045443623391,0.0531397396297555,0.126496662029599,0.00753538662999987,8.69829470783014e-05,0.32153179913895,0.463738579190865,0.000379323124335357
"AGGTATAATTGATAGT-1",0.0001003443502212,0.00195119353855923,0.000100344350220266,0.00260889253484222,0.000100344350220267,0.000100344350220267,0.871815150144117,0.122972706310205,0.000250680071394269
"AGGTGGTGACCTTCGC-1",6.55276179659504e-05,0.00552523775557087,6.55276179521253e-05,6.55276179569403e-05,0.00593384751103692,6.55276179612526e-05,0.520451700675009,0.467681552262968,0.000145551323578301
"AGGTGTATCGCCATGA-1",0.000135635251726396,0.134810898608886,0.329857181509422,0.176066527527838,0.000135635252088403,0.000135635251726375,0.0633392342348659,0.144485464506178,0.151033787857268
"AGGTGTTGCCGACCAC-1",6.67582413414242e-05,6.67582413402947e-05,6.67582413402965e-05,6.67582413402948e-05,0.0025270889729053,6.67582413402951e-05,0.667044218734473,0.297092362487109,0.0330025385988102
"AGTACAGAAGCTTATA-1",8.23437588369341e-05,0.342409030455087,0.177737437044676,0.136114139562458,8.23437588369323e-05,8.23437588369637e-05,0.0378720734022258,0.294607095495545,0.0110131927634972
"AGTACGGGCACCTGGC-1",0.0148235746722908,0.0858804953334201,0.145331207751847,0.0536715865118787,0.00594061779025171,0.00012975281283533,0.309413584805208,0.384573459295724,0.000235721026544348
"AGTATAATACTAGGCA-1",9.53896167743419e-05,0.0362128552913255,0.00128068302124911,0.0031344174590833,9.5389616772798e-05,9.53896167728065e-05,0.471904263999276,0.48706743291569,0.000114178463056141
"AGTATACACAGCGACA-1",8.53910862025603e-05,0.218561816801044,0.499231292384227,0.278462704730293,0.00295554477710835,8.53910862025882e-05,8.53910862025909e-05,0.000447076962516993,8.5391086202581e-05
"AGTATTTGGCACGACC-1",0.000119085233282657,0.444075622945847,0.129863868761085,0.0442773255114847,0.00637196972637509,0.053648509462446,0.000119085233281905,0.321395369606326,0.000129163519872096
"AGTCGAATTAGCGTAA-1",2.33284816039257e-05,0.000822377932608999,0.000417424572223042,2.33284816173329e-05,2.33284816096605e-05,2.33284816094208e-05,0.148322369935473,0.726087343509479,0.124257170123776
"AGTCGGCCCAAACGAC-1",6.97603686355654e-05,0.0529792081610649,0.53325525647014,0.00126271489158524,6.97603685227285e-05,0.011987229619362,0.0609816180668011,0.339290571690484,0.000103880363403843
"AGTCTGGACATCCTTG-1",3.21794346062681e-05,3.21794346039763e-05,3.21794346076289e-05,3.21794346062825e-05,3.21794346041851e-05,3.21794346039769e-05,0.311250637490402,0.684613338083763,0.00394294781820285
"AGTCTTTAAAGTGTCC-1",5.34224283711795e-05,0.544145544817335,0.179190749620822,0.0704877797618152,5.34224283711716e-05,5.34224283711691e-05,5.34224283711743e-05,0.205808104352116,0.000154131734427813
"AGTGATTCAAGCAGGA-1",0.00013275920351506,0.0181079057579061,0.251126133400562,0.0346000200336224,0.00013275920267773,0.000132759203514225,0.455788273086049,0.239794764931145,0.000184625181008436
"AGTGGCGGCAATTTGA-1",8.96306189707152e-05,0.0456102016533061,8.96306189701381e-05,0.0614496850100828,0.0104346205331492,0.00202352929257317,0.621598289278364,0.176975899071902,0.0817285139226819
"AGTGTGGTCTATTGTG-1",6.57519478949873e-05,0.00369025362733825,6.57519478940512e-05,0.00118578722106553,6.57519478938973e-05,0.00867726641036153,0.621799867036968,0.338963973087102,0.0254855967734823
"AGTTAAACACTTGCGA-1",0.0140619669137502,0.0736536796383589,0.12877835231239,0.211869165451306,0.000127210065457106,0.000127210065471351,0.1671400676057,0.404114127091727,0.00012822085584005
"AGTTAAGCGGTCCCGG-1",5.80811013901741e-05,0.000269228784541195,0.364449195674023,0.172620410236841,0.0591689198577186,0.00343660546161908,0.0954940655570863,0.304369947212997,0.000133546113783166
"AGTTACCCTTAAGACT-1",9.05505001002663e-05,0.00441425834499173,9.05505000764431e-05,9.0550500076445e-05,9.05505000762561e-05,9.0550500076445e-05,0.955321094375026,0.0396469476586969,0.000164947120879155
"AGTTACTCTATCGTGG-1",8.80604733692408e-05,0.159071941647905,0.00477120539285185,0.00235845954919045,8.80604733680171e-05,0.0353223879438686,0.408949824435892,0.365947990155173,0.0234020699283825
"AGTTTATGTAAAGACA-1",8.13271993011135e-05,0.320229795053756,0.236340478744255,0.0894124636067952,0.0168103711986227,0.00350923525219291,9.09409460880374e-05,0.27002139814127,0.063503989857719
"ATAAATATTAGCAGCT-1",9.73458909734292e-05,0.00461049664938215,0.0552811170369589,0.0025383373730664,0.00420625396213075,0.0177452619090051,0.0445566945201976,0.845870331862498,0.0250941607957872
"ATAAGTAGGGCGACTC-1",6.35548425385214e-05,0.00408813999120689,6.35548425375225e-05,6.35548425375215e-05,6.35548421110133e-05,6.35548425375228e-05,0.754779030912897,0.240533732287823,0.000281322595810558
"ATAATACCGTTAGCCG-1",6.84187996601825e-05,0.00861085194051803,0.00299556519248629,6.84187996509983e-05,6.8418799675622e-05,6.84187996509999e-05,0.315689517787307,0.672265597576955,0.000164792304095917
"ATACCACGGGCAACTT-1",0.000124839745734576,0.154218205589968,0.000830772844337176,0.0355530184009915,0.00222744756280257,0.0435932161428782,0.523359226417091,0.2397514703944,0.000341802901797538
"ATACCTAACCAAGAAA-1",9.06311661475351e-05,0.0326403084612176,0.0390434709208395,0.0206780324810816,0.00636680494441449,9.06311661479673e-05,0.415303030871951,0.448188927930409,0.0375981620577915
"ATACGGGTTTCGATTG-1",8.86202904378724e-05,0.0377189857762123,0.330400308257495,0.107744709355913,8.8620290175525e-05,8.86202905407052e-05,0.249574852924116,0.274191041516484,0.000104241298624929
"ATACTTGTTCTCGAGC-1",0.000132641092462035,0.0116211764609998,0.444289546842589,0.0650013712128482,0.000132641092433488,0.12572300685619,0.236260584680649,0.00284300950738714,0.113996022254441
"ATAGACAACGGGACCT-1",4.65123466881179e-05,0.00403575718919179,4.65123466786672e-05,4.65123466727838e-05,4.65123466710669e-05,4.65123466850439e-05,0.498633893650119,0.446572551578099,0.0505252358491951
"ATAGACGAAGAGAAAG-1",8.84348098912177e-05,0.0431698673652554,0.0300164147155872,0.0695975904847969,8.84348095533434e-05,8.84348098912205e-05,0.504594874305042,0.352259024626481,9.69240735015701e-05
"ATAGAGTTATCAACTT-1",4.70602400898492e-05,4.70602400948043e-05,4.70602400833391e-05,0.00414166202870482,4.70602400959134e-05,4.70602400948044e-05,0.63056017962709,0.364737587215676,0.000325269928070504
"ATAGCCATAACAGTCA-1",0.0126964413803957,0.159831713960158,0.302584309620844,0.0192155134479383,0.000180252413532231,0.103424762447134,0.0555535055010686,0.346250083107997,0.000263418120932554
"ATAGCCTCAGTACCCA-1",9.68092592682947e-05,9.68092592628145e-05,9.68092592628136e-05,0.00020125441296784,9.68092592627713e-05,9.6809259262809e-05,0.917691041956826,0.050973299582263,0.0306503577516242
"ATAGCTGCTCTTGTTA-1",6.68934565633545e-05,6.68934567424159e-05,0.0310460778926781,6.6893456742417e-05,6.68934567156466e-05,6.68934567424184e-05,0.0661536940975759,0.902386914087741,7.88466384989975e-05
"ATAGGCGGCTATAGAA-1",6.34667722387949e-05,0.134952898734282,0.0835366756379314,6.34667723090914e-05,6.34667722930714e-05,6.34667723090944e-05,0.136100876299611,0.645087185964295,6.84962747307075e-05
"ATAGTTCCACCCACTC-1",4.55667620030064e-05,4.55667619922259e-05,9.97745375664672e-05,4.55667619921861e-05,4.55667619924119e-05,4.55667619922273e-05,0.0865866162590706,0.882110628331117,0.030975147062274
"ATATCAACCTACAGAG-1",0.000100995112914492,0.000100995112919805,0.000100995112919802,0.00871916378655496,0.00010099511293461,0.000100995112919803,0.326583802930388,0.564686496267265,0.099505561451184
"ATATCGGTAGGGAGAT-1",9.37602246608461e-05,9.37602246602364e-05,0.109284844605443,0.0838944236478356,9.37602246602391e-05,0.0081275177445925,0.440652674313713,0.357443435003435,0.0003158240109998
"ATATCTCCCTCGTTAA-1",3.14404861980525e-05,0.00818362047920303,0.00504667789590092,0.00215739028965958,0.00369104670157023,3.14404862002982e-05,0.156648953632624,0.804199409130158,0.0200100208984862
"ATATGGGATAGCAACT-1",3.17062406111297e-05,0.00332995260799272,3.17062406155576e-05,3.17062406259458e-05,3.1706240614382e-05,3.1706240610852e-05,0.361088682902113,0.58895785911011,0.0464649741767068
"ATATGTCTCCCTAGCC-1",9.23747665866492e-05,0.00736992477671425,0.00582947037598599,0.00568965090175421,0.000202961489865158,9.23747665850191e-05,0.561152648621236,0.361250997964358,0.0583195963369146
"ATCACATTAGAATATC-1",6.12519082230793e-05,0.0509767539963765,0.467718360859765,0.0564690530725922,0.0143441656764044,0.0170889917121164,0.103588299989666,0.277658947351027,0.0120941754338287
"ATCAGGTCGCCATTGC-1",8.30265319458736e-05,0.0420951913309955,0.258718222072907,0.225363802563242,8.30265323732873e-05,8.46900591316335e-05,0.278767739133231,0.172274504885662,0.0225297968905126
"ATCAGTAGGCAGGGAT-1",8.76581769512468e-05,0.0458759787455486,0.0166830692481236,0.0108680965008564,0.00142956731103475,8.7658176950734e-05,0.149986202699458,0.715024852168625,0.0599569169724524
"ATCCAACGCAGTCATA-1",0.000101163175836534,0.000108479862597199,0.617688362729985,0.0453992710253157,0.000101163175836534,0.0464082278930626,0.000170571344134029,0.289921597617396,0.000101163175836531
"ATCCCATTTCCGTGGG-1",6.39418054147152e-05,6.3941805412782e-05,6.39418054131455e-05,0.00375143074053244,6.39418054138408e-05,6.39418054127726e-05,0.777236079197453,0.182657474913734,0.0360353061212137
"ATCCGGACCAGCCTGA-1",6.42094279966233e-05,0.0311384336790813,6.42094279986924e-05,0.01113325579166,0.00256711640199841,0.0237294934830108,0.870976002858912,0.00516003563137642,0.0551672432979656
"ATCCTGAATCGCTGCG-1",0.000108112985253158,0.000122324368845876,0.737724721049335,0.134930024525836,0.000108112985253166,0.0282860237113211,0.000497965042514605,0.0981013381563109,0.000121377175330509
"ATCGCCGTGGTTCATG-1",4.59784077975517e-05,0.00010181460402548,4.59784056015572e-05,4.59784078263638e-05,0.00207380078128586,0.00591289127844279,0.487358048114567,0.431232438986223,0.0731830710142303
"ATCGCTGCGTGCAGCA-1",4.88873895295159e-05,0.00106031259833374,4.88873895156095e-05,4.88873895187428e-05,4.88873894970939e-05,4.88873895245625e-05,0.0823464660800943,0.9157273703829,0.000621413991086425
"ATCGTTCACTTTCGCC-1",0.000140190393522861,0.000140190393517835,0.00938515267589164,0.000140190393518726,0.00740648896931717,0.00014019039351783,0.246230967907661,0.736246446606639,0.000170182266414732
"ATCTGATAGTGTCTTA-1",0.000101308711534228,0.000101308711533206,0.000101308711533201,0.000101308711535728,0.000101308711743085,0.000101308711533202,0.32131670167439,0.677970891928181,0.000104554128017194
"ATCTGCACCTCTGCGA-1",8.27395329403676e-05,0.0371480730988546,0.0377877241910536,0.0390099573506947,8.27395329403599e-05,0.0297654558170124,0.453265927544903,0.287217649815272,0.115639733116329
"ATCTGCTGTTATCGCC-1",6.88261420488975e-05,0.00893255768792788,6.88261420513923e-05,0.00142826588473262,6.88261420563288e-05,6.88261420513925e-05,0.754039920107857,0.150351861098649,0.0849720906526254
"ATCTGGGCTGTTCTTG-1",6.67472671672988e-05,6.67472671640928e-05,6.67472671609624e-05,0.00337759328931606,6.67472671645754e-05,6.67472671640919e-05,0.622820034689197,0.346032797859907,0.0274358378257594
"ATCTTGACCTGCAACG-1",0.0104695106507388,0.724694602705127,0.166045817169045,0.0301505240876626,5.27625933125753e-05,0.0112422013986694,5.4229342667196e-05,0.0572266013004354,6.37507523423587e-05
"ATCTTTCGTATAACCA-1",0.00709394594399876,0.14144158786257,0.630717462579128,0.0145546186090792,8.81538904912842e-05,0.0879867520964354,8.81538917157011e-05,0.117880605620667,0.000148719505915132
"ATGAGGAGTGTTAATC-1",0.000134968690250064,0.000169317699097949,0.27663038010262,0.0389162778861847,0.000587318976402014,0.000134968690250064,0.356469046953532,0.326654652075446,0.000303068926217294
"ATGCACCTTCCTTAAT-1",0.000100763111572972,0.00785379286442765,0.000100763111595474,0.000100763111590412,0.000100763111596611,0.000100763111591303,0.575423607965047,0.415938389215029,0.000280394397549908
"ATGCCAATCGCTCTGC-1",0.000134080490563242,0.0470903564485019,0.257701037916583,0.138582335064738,0.000134080490563233,0.0587723140924229,0.373971161732304,0.123323600343822,0.000291033420501291
