"","B_cells","Endothelial_cells","Fibroblasts","Macrophages_and_MDSCs","Mast_cells","NK_and_T_cells","SMCs_Fibroblasts_Hybrids","SMCs_maintype","SMCs_subtype"
"AAACATTTCCCGGATT-1",9.82886832108047e-05,0.0173098309836777,9.8288683212869e-05,0.00625066663494673,9.82886832129103e-05,9.8288683212912e-05,0.975814739095192,0.000101744274180983,0.000129864279153049
"AAACGAGACGGTTGAT-1",0.00274658939722866,7.1540708269417e-05,0.0248365315757825,0.0577511714070826,5.89914568976834e-05,0.0445288307535363,0.86988511795617,5.89914568976787e-05,6.22352881352119e-05
"AAACGCCCGAGATCGG-1",9.57448378484806e-05,0.0565270032814414,0.666202163629281,0.21178831893955,9.57448378567788e-05,9.57448378567802e-05,9.57448378567749e-05,0.0649739134507147,0.000125621347594858
"AAACGTGTTCGCCCTA-1",0.0001355294498547,0.0363502547244266,0.00013552945387228,0.0678889600876652,0.000135529453872289,0.000135529453872282,0.675456288460406,0.219574727495129,0.000187651420901689
"AAACTAACGTGGCGAC-1",6.30975038155291e-05,6.3097508040666e-05,6.30975080406747e-05,6.30975080406631e-05,6.30975080406756e-05,6.30975080406815e-05,0.263602298520213,0.658894838655712,0.0771242777800561
"AAAGCTTGCCTACATA-1",9.9959327393905e-05,9.99593274996954e-05,9.99593274996799e-05,0.00123111567354741,9.99593274996949e-05,9.99593274996962e-05,0.317972105998575,0.576120074361648,0.104176907328837
"AAAGGCCCTATAATAC-1",0.000108640585155031,0.000108640583259317,0.000108640583259314,0.0031564763086326,0.00543045079792762,0.000108640583259311,0.0906837167704226,0.900159658986007,0.000135134802077013
"AAAGGCTCTCGCGCCG-1",9.68194854282554e-05,9.68194848919652e-05,9.68194848919595e-05,0.0490397559878792,0.00698867689247666,9.6819484891974e-05,0.943337870546247,0.00013651287452124,0.000109905758771955
"AAAGGTAAGCTGTACC-1",8.80934308480032e-05,8.8093441090138e-05,8.8093441252974e-05,0.0854713205543163,8.8093441090138e-05,8.80934410901382e-05,0.913802964083576,8.99934414288095e-05,0.000195254725306998
"AAATAAGGTAGTGCCC-1",4.44376999584515e-05,4.44377004272598e-05,4.44377004272637e-05,4.44377004272616e-05,4.4437700649761e-05,4.44377004272277e-05,0.0428175066992497,0.922280740319718,0.0346351267787156
"AAATAGGGTGCTATTG-1",9.32974065292459e-05,9.32974129322217e-05,9.32974129322268e-05,0.121551250759796,9.32974129321982e-05,9.32974129322237e-05,0.785281038627492,9.3297412932224e-05,0.0926079261415222
"AAATGGCATGTCTTGT-1",8.65803943579418e-05,0.00778096112992975,0.00456920676811761,0.0769705328020583,0.0141060877833228,8.65803960707065e-05,0.851750756382323,0.0445598572984516,8.94370453684417e-05
"AAATGGTCAATGTGCC-1",9.52276697849792e-05,0.0318379072169606,9.52276697944321e-05,0.0693234774543172,9.52276697944672e-05,9.52276697944527e-05,0.593322734499696,0.30502550200625,0.000109468143608093
"AAATGTATCTTATCCC-1",0.000140852852665447,0.000140852861743427,0.000140852861743427,0.0450537106046535,0.000140852861743427,0.0333345962657941,0.481650772697878,0.439198592441582,0.000198916552197093
"AAATTAACGGGTAGCT-1",9.22526330248026e-05,0.0531982763566341,9.22526325620562e-05,0.0750825168341802,0.0138558325812512,9.22526325620709e-05,0.585712805901071,0.271739268801186,0.000134541627528505
"AAATTAATAAGCGCGA-1",9.23914402833785e-05,9.23914421194686e-05,9.23914421194859e-05,0.0388467557150228,9.23914421194614e-05,0.013247824303592,0.610633592437875,0.336644348298617,0.000257913478252057
"AAATTGGTGAGAAGCA-1",6.70413029120884e-05,6.70413062343853e-05,6.70413062343694e-05,0.0967390862699079,6.70413049192546e-05,6.70413062343726e-05,0.566753960217328,0.32669821219872,0.00947353478750951
"AAATTTACCGAAATCC-1",5.99233278662691e-05,5.99233280093413e-05,5.99233280093328e-05,5.99233280093335e-05,5.99233263015856e-05,5.99233280545434e-05,0.113931964134338,0.885648572571403,5.99233280093433e-05
"AACAACTGGTAGTTGC-1",0.000105723066215107,0.000105723068553174,0.00010572306855315,0.000105723068553136,0.000105723068479077,0.000105723068553145,0.99908680625409,0.000166261604654992,0.000112593732348653
"AACAATACATTGTCGA-1",0.000100418906406084,0.022494869411277,0.000100418903450052,0.00812468196000653,0.000100418903450056,0.0370468624521979,0.931764717763515,0.000100418903450049,0.000167192796247758
"AACACACGCTCGCCGC-1",6.09074537733646e-05,0.00935507285442192,6.09074536281227e-05,6.09074536281305e-05,6.0907453628131e-05,6.09074536281348e-05,0.082855556136346,0.907394873167447,8.99605734989512e-05
"AACACGACTGTACTGA-1",8.92385277963619e-05,0.0208102034293938,0.0533563456910667,0.000920512960989855,0.00619234456217204,8.92385278479102e-05,8.92385278478498e-05,0.918356112515036,9.67652578496914e-05
"AACATTGAAGTTGATC-1",0.000106570634386004,0.000106570634389267,0.00010657063438929,0.0085467005669352,0.000106570634389268,0.000106570634389266,0.504587652775753,0.48614612839325,0.000186665092118384
"AACCAGTATCACTCTT-1",9.39791446523802e-05,9.39791445138866e-05,9.3979144513887e-05,0.00178527431546937,9.39791435431505e-05,9.3979144513883e-05,0.00397812272205135,0.972709551700134,0.0210571555406081
"AACCCGATAGGGCTTC-1",0.00216475179376696,0.000130268439335178,0.326939335499669,0.0580668716582131,0.000130268439323655,0.0793346450841063,0.194466628329549,0.338613999555268,0.00015323120076949
"AACCCTGGTGGAACCA-1",9.20587250922563e-05,9.20587268555488e-05,0.132960513888231,9.20587268555484e-05,9.20587268555532e-05,9.20587268555464e-05,9.20587268555337e-05,0.866363894975261,0.000123238777137521
"AACCGTTGTGTTTGCT-1",9.69303119758391e-05,9.78883611168859e-05,9.69303138277625e-05,0.00553244211626616,9.69303138277619e-05,0.00214459302180061,0.716700879738831,0.274921737564014,0.000311668258339323
"AACCTTTAAATACGGT-1",0.000145843777946221,0.00246782852342555,0.000145843777292626,0.455338431520459,0.000145843777292624,0.000145843777292624,0.541318677291705,0.000145843777292615,0.000145843777292635
"AACGATAATGCCGTAG-1",0.000102798069508566,0.0655083531106385,0.000102798066466877,0.155511178338893,0.000102798066466882,0.000102798066466881,0.684423347071394,0.0802065628200848,0.0139393663900811
"AACGATAGAAGGGCCG-1",7.17942301458468e-05,7.17942300146223e-05,7.1794230014632e-05,7.17942300146219e-05,0.013331507187029,7.17942300146211e-05,0.87166412256856,0.0567974496605022,0.0578479494337042
"AACGCTGTTGCTGAAA-1",0.000100030272438159,0.000100030272466419,0.000100030273192255,0.000100030272466419,0.000100030272466417,0.000100030272466416,0.599414507964825,0.399848232875035,0.000137077524643496
"AACGTCAGACTAGTGG-1",6.35824446040839e-05,6.35824453531968e-05,6.35824453531862e-05,6.35824453531866e-05,6.35824460550285e-05,6.35824453531989e-05,0.547837007627875,0.381502499179821,0.0702789985202324
"AACGTGATGAAGGACA-1",8.86516959863591e-05,8.86516955762105e-05,8.86516955762127e-05,0.0128592798133522,8.86516955762132e-05,8.86516955762147e-05,0.753679352057758,0.232920798938789,9.73107118094856e-05
"AACGTGCGAAAGTCTC-1",6.3796208654872e-05,0.00121741186833985,6.37962088874131e-05,6.37962088869064e-05,0.00213241435760119,6.37962088869075e-05,0.968432910132206,6.37962088868716e-05,0.0278982825976499
"AACGTTATCAGCACCT-1",0.000104724515989294,0.000104724515472781,0.000104724515472775,0.0850403571621186,0.000104724515472889,0.00010472451547278,0.599584692778135,0.262962159181418,0.0518891683004483
"AACTAGGCTTGGGTGT-1",0.000104587136338342,0.00010458713691091,0.000104587136910921,0.161254267906826,0.000104587136937709,0.00010458713691092,0.743821307337435,0.0942969019348196,0.000104587136910939
"AACTCTCAATAGAGCG-1",0.00423967250291752,0.000102256665683918,0.000102256665683904,0.0195101092895936,0.000102256665603409,0.000102256665683916,0.755556705607771,0.105267645918841,0.115016840018222
"AACTGAGGTCAGCGTC-1",6.0976062262887e-05,6.2508067172483e-05,6.09760622647583e-05,6.0976062264757e-05,0.0296908654005017,6.09760622647578e-05,0.75095055533655,0.10735406951869,0.111698097428028
"AACTGGGTTCGAGCCG-1",8.46776769504653e-05,0.259318205127588,0.498837585041509,0.0626363735737325,8.46776769633458e-05,8.46776769495479e-05,8.46776769495838e-05,0.178784447872408,8.4677676949564e-05
"AACTTTCTCGATCATG-1",6.56082210531484e-05,6.56082210521668e-05,6.56082210521498e-05,0.00154640614146379,0.032779458469082,6.56082210521533e-05,0.4978599286929,0.427087981230083,0.0404637925822612
"AAGAAATCACCAGATT-1",4.57259560680351e-05,4.57259558904842e-05,4.57259558904302e-05,4.5725955890477e-05,4.57259558553622e-05,4.5725955890476e-05,0.173051045993309,0.722481492858274,0.104193105412932
"AAGACTGCAAGCTACT-1",8.3189537924558e-05,0.0236139756861791,8.3189537546563e-05,0.001443786964224,8.31895375465054e-05,8.3189537546565e-05,0.974415102035246,8.31895375465867e-05,0.000111187626239806
"AAGAGCTCTTTATCGG-1",7.88423308126225e-05,0.00901149182154126,8.41739759339113e-05,0.237318244795086,7.88423307970572e-05,0.043235292098809,0.710023290463272,7.88423307970602e-05,9.09798529510257e-05
"AAGAGGCATGGATCGC-1",0.00238794557277386,8.88597963407684e-05,8.88597963407566e-05,0.00440635745176764,8.88597963407445e-05,8.88597963407683e-05,0.992545435320879,8.88597963408219e-05,0.000215962672875509
"AAGATGGCACCGGACC-1",9.97475591853281e-05,9.97475675458025e-05,9.97475675457974e-05,9.97475671334334e-05,9.97475675458119e-05,9.97475675458058e-05,0.935782854086806,0.0635071661861547,0.000111494330537179
"AAGCATACTCTCCTGA-1",6.27268259304997e-05,0.0447102136123721,6.27268307797607e-05,0.584861798206769,6.27268295334508e-05,0.0242517419952924,0.345862353789344,6.27268307797445e-05,6.298507919943e-05
"AAGCCGCCGTGAAATC-1",6.20725220062847e-05,0.036404097500087,6.20725218774508e-05,6.20725218774501e-05,6.20725218768275e-05,6.20725218774622e-05,0.000315722453185421,0.962872153218469,9.76642187429678e-05
"AAGCCGCTTTACCTTG-1",6.43927240801092e-05,6.43927240857524e-05,6.43927240857525e-05,0.0140835425489289,0.00622033125035569,6.43927240857536e-05,0.525850526787169,0.360166845213828,0.0934211833033809
"AAGCGGCGTCATGGGT-1",5.95544912165207e-05,7.05133056595269e-05,5.95544910733248e-05,0.0135593150978008,5.95544910733198e-05,5.95544910733224e-05,0.798505598685895,0.0769356615081939,0.110690693438015
"AAGCTAGATCGAGTAA-1",0.000164289861811015,0.000164289861419392,0.00016428986141938,0.000164289861419391,0.000164289861419393,0.000164289861419385,0.253859851256985,0.671841826432384,0.0733125831417235
"AAGCTCGTGCCAAGTC-1",0.00013136585429555,0.0297051306605821,0.00013136585429356,0.10162738818402,0.0570269168442806,0.0612924244076077,0.717351792071111,0.0326022502695164,0.000131365854293556
"AAGGCGCGTAAAGCTT-1",7.57357407207844e-05,7.57357404995245e-05,7.57357404995223e-05,7.57357404995226e-05,7.57357405168922e-05,7.57357404997394e-05,0.112515914124112,0.886845946590551,0.000183724842101236
"AAGGCTGTGCTCATCG-1",8.88220885264215e-05,8.88220902086307e-05,8.88220902086381e-05,0.010599452190644,0.0234156301715047,0.000686443458444193,0.915602831088861,0.049340354731394,8.88220902086185e-05
"AAGTAGAAGACCGGGT-1",7.33946376534424e-05,7.33946348709771e-05,7.33946348709707e-05,0.0040068747271713,0.000900274780954018,7.3394634870973e-05,0.992918388678533,7.3465745723741e-05,0.00180741752535215
"AAGTCTAGTAGCTGCC-1",6.77096244231017e-05,0.00141376324790498,6.77096244223304e-05,6.77096244223454e-05,6.7709624422331e-05,6.77096243955956e-05,0.726321178143763,0.158875624331463,0.113050886154783
"AAGTGCAAAGGTAGAC-1",6.06519549457385e-05,6.065195478652e-05,9.73564888854161e-05,0.0264129269661598,0.0384829102431925,0.0194327942923122,0.517188373953083,0.392598749785977,0.00566558436065687
"AAGTGTTTGGAGACGG-1",9.60566473717739e-05,9.60566492485719e-05,9.60566492485614e-05,0.0307040528610393,9.6056649248573e-05,0.00907260974381239,0.959505537649515,9.60566492485475e-05,0.000237516501267008
"AATAGCAAGCCTCCTG-1",9.01241417777525e-05,9.01241431498644e-05,9.01241431498656e-05,9.01241431498675e-05,9.01241430169305e-05,9.01241431498658e-05,9.01241431498655e-05,0.999221092881228,0.000148038118227891
"AATAGTCGCGAGTCGG-1",8.90988238450566e-05,0.0426252504740394,8.90988238477689e-05,0.0126006817954709,0.0198659080165778,0.00874263650564546,0.404511163380641,0.511219210434169,0.000256951745763178
"AATCATGTAAAGACTC-1",6.54950785755006e-05,6.54950836256295e-05,6.5495083625608e-05,6.54950833148417e-05,6.54950836256306e-05,6.54950836256437e-05,0.172410597454258,0.827099986461595,9.64455877548601e-05
"AATCGCCTCAGCGCCA-1",0.000110190076901707,0.000110190076573194,0.000110190076573196,0.000110190076460333,0.000110190076573193,0.00742355604565936,0.274462479023286,0.717387394871149,0.000175619676823825
"AATCGGGACACTACGA-1",6.78535630496551e-05,0.000102887953273002,0.909697943810639,0.0691353156678289,6.78535649372778e-05,6.78535653163882e-05,6.78535653163355e-05,0.0207161586749783,7.62796346609616e-05
"AATCTATGCCGGAGCC-1",0.000132905652481171,0.000132905656489951,0.00892635256059207,0.152363434905901,0.00013290565623709,0.000132905656489956,0.594900266968036,0.243100202422961,0.000178120520810856
"AATCTGGGTAGACCCT-1",9.23830935010174e-05,0.00012199183076455,0.49643579491743,0.227003789753326,0.000102252655406208,9.2383095308315e-05,9.56157954259402e-05,0.275957816811552,9.79720472860804e-05
"AATGACTGTCAGCCGG-1",8.57215817527667e-05,8.57215835583904e-05,8.57215835583878e-05,0.46431168453922,8.57215835583663e-05,0.0320154257173784,0.447240064185107,0.00010068917101846,0.0559892500548485
"AATGGCCGCCAATGCG-1",0.000133565986542309,0.172892803509748,0.566770645867525,0.0437868814558792,0.000133565986569723,0.0540818524904468,0.000133565986569724,0.16193355273015,0.000133565986569736
"AATGTGCTAATCTGAG-1",0.0150893219123045,0.000189774789584191,9.16586557877221e-05,0.052045054210982,0.0802422637884494,9.0560469587453e-05,0.645796231544691,0.0156791285804987,0.190776006048115
"AATTACTCGTACGCTC-1",0.000143572994067516,0.000143572994068081,0.000143572994068087,0.0276730462415608,0.000143572994068079,0.0688539265182074,0.526554365340212,0.37620079692968,0.000143572994068058
"AATTAGCGCTGCAGCG-1",7.03919192129851e-05,7.0391924117319e-05,7.03919241173217e-05,7.03919241173056e-05,7.03919239987661e-05,7.03919241173101e-05,0.411584275722084,0.572902966590195,0.0150904061480398
"AATTATACCCAGCAAG-1",9.95156090113374e-05,0.000697982734220086,9.95156083445815e-05,9.95156083445767e-05,9.9515608204377e-05,9.95156083445774e-05,0.674204512754864,0.324419675613755,0.000180250854910638
"AATTGCAGCAATCGAC-1",9.10168265167694e-05,9.10168284077843e-05,9.10168284078634e-05,9.10168284077689e-05,9.10168284077436e-05,9.10168284077695e-05,0.680201648887753,0.156067762163369,0.163184487980322
"AATTTGGTTCCAAAGA-1",8.95090619381424e-05,0.0206712863621924,8.950906373495e-05,8.950906373495e-05,0.00830090370492617,8.95090637349508e-05,0.558958239546626,0.411518346423197,0.00019318770991557
"ACAAAGCATGACCTAG-1",9.31848519795793e-05,0.00634207674862042,9.31848537791011e-05,0.0815034440594562,9.31848537790983e-05,9.31848537791006e-05,0.90272768996052,9.31848537790989e-05,0.00896086496430705
"ACAAATCGCACCGAAT-1",9.30875988047596e-05,9.3087596475752e-05,9.3087596475494e-05,9.30875964757495e-05,9.30875964757509e-05,9.30875964757527e-05,0.341001284321096,0.504192162475149,0.154248027622572
"ACAAATTCAGATCTGA-1",6.2404864111714e-05,6.24048640832357e-05,6.24048640832411e-05,6.2404864083241e-05,6.24048623328189e-05,6.24048640832389e-05,0.121831200627469,0.864129919149506,0.013664451040247
"ACAAGGAAATCCGCCC-1",9.04074530847218e-05,9.04074419365688e-05,9.04074419347575e-05,9.04074419185802e-05,9.04074418347294e-05,9.0407441934186e-05,0.00014071396092126,0.934958203601237,0.064358637775198
"ACAAGGACAAGAGGTT-1",0.000162336029960773,0.0383605395342578,0.000162336029958956,0.00870027826787877,0.000162336030285096,0.000162336029958958,0.181815177957175,0.770312324090566,0.000162336029958943
"ACAAGGCCTACCAGCC-1",6.07106222061816e-05,0.0659855346640915,0.684329282440915,0.0453151876283061,6.07106228412664e-05,6.07106222015119e-05,6.07106222014956e-05,0.204016852344223,0.000110300433013503
"ACAAGTAATTGTAAGG-1",0.000101475412549848,0.000101475415777643,0.000101475415777607,0.000101475415661427,0.000101475415777666,0.000101475415778308,0.273743055761102,0.655164941893695,0.0704831498538805
"ACAATGATTCTTCTAC-1",4.5380649636867e-05,4.53806494086774e-05,4.53806494086747e-05,4.5380649408675e-05,4.53806478240223e-05,4.538064940867e-05,0.0903099805117868,0.852587535266949,0.0568302003261687
"ACACAAATATTCCTAG-1",9.3655620825543e-05,9.36556208345454e-05,9.36556208339216e-05,0.00907872329008657,9.36556208345483e-05,9.36556208345472e-05,0.42991356239273,0.443268535047329,0.117270901165692
"ACACACTTTCTACACG-1",9.18990207914238e-05,9.18990226174546e-05,0.0290640206006124,0.035896899637334,9.18990226174531e-05,0.00436836923451222,0.821092213965822,0.109182368482052,0.000120431013641417
"ACACCACATAATTAGC-1",5.94627645800625e-05,5.9462763534459e-05,5.94627635344501e-05,5.94627635344532e-05,5.94627634156207e-05,5.94627635344527e-05,0.0972721040635127,0.895571490799284,0.00679962855507031
"ACACCGAGCGCTCTTT-1",0.000126284266530452,0.0132766489897809,0.00129296731054981,0.217909089665112,0.000126284270309124,0.0319109610194349,0.481597578227483,0.253633901980491,0.00012628427030912
"ACACCTTAAGTAGGGC-1",6.71197760137894e-05,6.71197808631134e-05,6.71197808631261e-05,0.0651978905115662,6.71197809803467e-05,0.0403835763907825,0.785632480233189,6.81025003713381e-05,0.10844947124537
"ACACGGCACTATGCAT-1",0.000137689521279711,0.0959901456976122,0.373284897288954,0.022867821630275,0.0598623331346692,0.000137689520651754,0.000137689520651758,0.385297336619616,0.0622843970662906
"ACAGCATAGAGCCAGT-1",0.000138230926446598,0.000138230930580875,0.308223907677143,0.0461081995571843,0.017529874716203,0.0142335166442785,0.000216348993460385,0.613273459624122,0.000138230930580875
"ACAGCGACATTCTCAT-1",9.54397064544577e-05,9.54397055536428e-05,9.54397055536542e-05,9.54397055536428e-05,9.54397053705017e-05,0.00413844927031111,0.770724509520903,0.224444282814717,0.000215559865583071
"ACAGCGCACCCGCAGC-1",9.23282358934453e-05,9.23282377586229e-05,9.23282377586201e-05,0.0137583012140985,9.23282377586229e-05,9.2328237758623e-05,0.858473283468493,0.127140083106352,0.000166691024128202
"ACAGGCACGGATCCTT-1",8.21519855745502e-05,8.21519872212454e-05,8.21519872212364e-05,0.273308397424205,0.0868420064554618,8.21519872212448e-05,0.630000020003989,8.5213825412485e-05,0.00943575434369404
"ACAGGCTTGCCCGACT-1",6.30915522258465e-05,7.13908269981286e-05,6.30915520458063e-05,0.120118181312754,6.30915520459115e-05,6.30915520458029e-05,0.879279620755675,6.30915520458013e-05,0.00021534934416394
"ACAGTATACCGTGGGA-1",0.0638561537480933,0.0134422709886846,8.3091424011038e-05,0.125305212979983,8.30914240110372e-05,8.30914240110334e-05,0.796807816813495,0.000248540121429463,9.07310762812706e-05
"ACATACAATCAAGCGG-1",6.53933199868177e-05,0.00455979859346676,6.5393319859108e-05,6.5393319859125e-05,0.00668756923701938,0.00463735075636236,0.0918369537300527,0.892013838713812,6.8309009581541e-05
"ACATCCCGGCCATACG-1",5.10773489849882e-05,0.0100015613377453,5.10773487881647e-05,0.0191015909544462,5.10773479444773e-05,5.10773487881731e-05,0.94577591942124,0.0130970445610281,0.0118195743310343
"ACATCGCAATATTCGG-1",4.53488939822067e-05,4.53488939832325e-05,4.53488938074618e-05,0.0258122049545794,4.53488939832322e-05,4.53488939832332e-05,0.928130193451233,0.0328704846348565,0.0129603724895918
"ACATCGTTAACCTAGT-1",6.03577435791714e-05,6.0357743455417e-05,6.0357743455414e-05,6.0357743455414e-05,0.00878371395568485,0.0058092301831435,0.39798603864194,0.511790885415345,0.0753887008299413
"ACATTAGTTTATATCC-1",9.64775402976831e-05,9.64775420560979e-05,9.64775420561232e-05,9.64775420560953e-05,9.64775419241304e-05,9.64775420560952e-05,0.461832680302463,0.523774032622625,0.0138144218244659
"ACATTCGCGCGGAATA-1",0.000132414849922971,0.0665985993788027,0.000132414853865587,0.044463224669099,0.0448817273830234,0.0130657980189315,0.575840741229007,0.254711354990248,0.000173724627100166
"ACATTTGAAACCTAAC-1",8.71511379556342e-05,8.71511396312284e-05,8.71511396312272e-05,8.71511396312246e-05,0.0114343196157338,8.71511396312092e-05,8.71511396312237e-05,0.98785786941766,0.000184904130494556
"ACCAACCGCACTCCAC-1",8.37985164990309e-05,8.78794098391785e-05,8.37985222871645e-05,0.25515323312142,8.37985222871416e-05,8.37985222871565e-05,0.555133856575168,0.101728637664751,0.0875611991454619
"ACCAACGCTTATTTAT-1",9.16470450952779e-05,9.16470468083886e-05,9.16470468084079e-05,9.16470468084253e-05,9.16470468084252e-05,9.16470468084171e-05,0.434294014427285,0.412511430411491,0.152644672882087
"ACCAAGAACGCGTGTC-1",7.24032516107085e-05,7.24032539391396e-05,7.24032539391375e-05,7.24032539391448e-05,0.0133834638232991,7.24032539391438e-05,0.95194655338572,0.000145810132048503,0.0341621563915648
"ACCACAACTCAGAACA-1",6.21069699511816e-05,6.21069667122439e-05,6.21069667122544e-05,6.21069649868974e-05,6.21069667122522e-05,6.21069667122504e-05,0.206415385636866,0.739268700494748,0.0539432720665992
"ACCACCCTCTCTTCTA-1",0.00145566143777721,9.81361151873929e-05,9.81361151873884e-05,0.0340084224024826,9.81361148192965e-05,9.81361151873955e-05,0.704335155260349,0.206629782994895,0.0531784334441148
"ACCACTGTTCAAGAAG-1",9.59887845757024e-05,9.59887859770652e-05,9.59887859770657e-05,0.0342571038228386,9.59887858460368e-05,9.59887859770685e-05,0.683518227257868,0.281600416722209,0.000144308268731364
"ACCAGTGCCCGGTCAA-1",5.8749419789484e-05,5.87494215023459e-05,5.87494215023172e-05,0.00313158871086595,5.87494217283998e-05,5.87494215023415e-05,0.769739293099751,0.084698782019652,0.142136589063707
"ACCATATCCGCAATAA-1",9.75959593884921e-05,9.75959593975938e-05,9.75959593975698e-05,9.75959593975965e-05,0.00359220409345121,9.75959593976036e-05,0.640726198214504,0.355071470008191,0.000122147886874984
"ACCATTAAGGGTGTCA-1",0.000135768689911047,0.0288957556991624,0.00013576869103065,0.0791351815904641,0.000135768689833533,0.066921975461257,0.336162098501052,0.361156121555432,0.127321561121857
"ACCCATTTGTCCCTCT-1",6.94961079620794e-05,6.94961077885491e-05,6.94961077885335e-05,6.9496107788551e-05,6.94961077885479e-05,6.94961077885109e-05,0.811795606774838,0.0561621505678161,0.131625266010441
"ACCCGAGCGAAATTAC-1",6.25349480291353e-05,0.00285260530694189,6.25349500727126e-05,0.00475176664759782,6.25349500727138e-05,6.2534950072708e-05,0.20199191159421,0.699166860014306,0.0909867166386966
"ACCCTATGCCATATCG-1",6.50093302157509e-05,6.50093304315466e-05,6.50093304315444e-05,6.50093301048563e-05,6.50093304315495e-05,6.50093304315466e-05,0.184215559475574,0.815303413502323,9.09710400564595e-05
"ACCCTCCCGTCAGGGC-1",9.05546681685197e-05,9.05546653978691e-05,9.05546653978609e-05,9.05546653978609e-05,0.00505240398102653,9.05546653978647e-05,0.84483492158188,9.05546653978608e-05,0.149569346441936
"ACCCTTCATCTGCGAA-1",9.08659418471709e-05,9.08659436222233e-05,0.0353176539796641,0.0135665394456678,9.08659436222232e-05,9.08659436222231e-05,0.828037622493498,0.122611151510562,0.000103568797894625
"ACCCTTGCCTGGGTCG-1",5.67776012158605e-05,5.67776025450845e-05,5.67776025456652e-05,5.67776025501305e-05,5.67776025450895e-05,6.54150098086695e-05,0.173416204665928,0.603386946106183,0.222847546206678
"ACCCTTTAGTTCTCCA-1",6.03646487989521e-05,0.0181475258958019,0.260213733471886,0.0132441561953036,6.03646477486586e-05,6.03646480437684e-05,8.65994706234606e-05,0.70790440235843,0.000222488663364397
"ACCGATGGTAGCATCG-1",0.000107591224836807,0.000107591226927012,0.000107591226927002,0.0208082741153927,0.000107591226927011,0.000107591226927011,0.526083544203773,0.452390240173408,0.000179985374880867
"ACCGCAATAACTGCCT-1",9.50321860729464e-05,9.50321860767312e-05,9.50321860767408e-05,0.0155999368201835,9.50321860767283e-05,9.50321860767286e-05,0.859743120895923,0.11192983077534,0.012251950578173
"ACCGTGACCACGTGGG-1",0.000103656284184926,0.000103656284189663,0.000103656284189673,0.0336030107886167,0.000103656283752494,0.000103656284189664,0.943404666041936,0.0223481378541717,0.000125903894769724
"ACGACTCTAGGGCCGA-1",2.98729794729257e-05,2.98729865237577e-05,2.98729865238431e-05,2.98729865343264e-05,2.9872986523754e-05,2.98729865237557e-05,0.997574642451851,4.76473703124579e-05,0.00219847226573428
"ACGACTGGTCATACTC-1",0.000103629030034234,0.000103629030929067,0.000103629030929021,0.0530180942014939,0.000103629030537268,0.000103629030929065,0.946175818468329,0.000173875846532062,0.000114066330286636
"ACGAGATATTTGCTTA-1",6.26588037494823e-05,6.26588036326812e-05,6.26588036326835e-05,0.0212644142149499,6.26588036326862e-05,6.26588036326838e-05,0.591081851647875,0.387114694204614,0.000225745914280227
"ACGAGTACGGATGCCC-1",0.000141029339218207,0.000141029338508561,0.000141029338508578,0.273095593438655,0.000141029338835701,0.159582591249123,0.531162470351985,0.0354429090784902,0.000152318526675893
"ACGATACCTATCCTGA-1",9.44981284128578e-05,9.44981349103544e-05,9.44981349103551e-05,0.0371793743814833,9.44981349103607e-05,9.4498134910359e-05,0.577215163213787,0.385012227301938,0.000120744434737338
"ACGATCATCTTGTAAA-1",7.43666591629175e-05,0.0195731330569209,7.43666604718137e-05,7.43666604718203e-05,7.436666038731e-05,7.43666604718204e-05,0.101285093441256,0.805367523648784,0.0734024165520735
"ACGATGGATCCGATGC-1",9.47229386645757e-05,9.47229386415917e-05,9.4722938641594e-05,0.00967110348838093,9.47229386415917e-05,9.47229386415953e-05,0.379027043191674,0.602153533747282,0.00867470487943163
"ACGCATAAATGACATG-1",0.000135000736781584,0.000135000740828115,0.204973299449891,0.133202798202893,0.0061423183579254,0.0594253536041768,0.000180699585223507,0.595482649661044,0.000322879661236368
"ACGCGGGCCAAGGACA-1",0.000120305574273436,0.000120305573706341,0.000120305573706334,0.0454815755806236,0.0433755976693177,0.211627704903688,0.452737907705014,0.241296903189189,0.0051193942304813
"ACGCGTTTCTTAAGAG-1",6.91642838344726e-05,7.01705736551104e-05,6.91642860843756e-05,0.025935730775387,6.91642860843796e-05,0.0071615195421494,0.50820230862396,0.436425427889287,0.0219973497395586
"ACGGCACTTGCTTGGG-1",0.000156370246257901,0.000156370245451413,0.000156370245451427,0.000156370245451416,0.000156370245451429,0.0104029582003467,0.671127738542737,0.250231111282624,0.0674563407462288
"ACGGCCAACATGGACT-1",0.000104013965089536,0.000104013967102531,0.000104013967102562,0.00218051622359454,0.000104013967102531,0.000104013967102523,0.732269028898564,0.208238776148576,0.0567916088957651
"ACGGCGACGATGGGAA-1",8.92053336028231e-05,8.92053355820576e-05,8.92053355777146e-05,8.92053355804794e-05,8.92053355820798e-05,8.92053355820802e-05,8.92053355820623e-05,0.933325091899187,0.0660504707537236
"ACGGGCGTATGCGACA-1",0.0152430177397434,0.000109723419491084,0.000109723419491091,0.0364188790930978,0.000109723419342691,0.000109723419491082,0.726417025626027,0.0457244139733495,0.175757769889966
"ACGGGTCATGTGACTT-1",6.40426692211717e-05,0.0361543118332549,0.0615028231829617,0.0411514802877693,6.4042669326648e-05,0.0355783260187968,0.3675680943775,0.430515977216927,0.0274009017442427
"ACGGTACAGTTCAATG-1",6.27400597388635e-05,7.9298526144403e-05,6.2740057372335e-05,6.27400573723196e-05,6.27400573723216e-05,6.27400573723205e-05,0.664637678313206,0.334894308205999,7.50146654226094e-05
"ACGTACAGATTTCTCT-1",7.0273092945379e-05,7.02730930388023e-05,7.0273093038806e-05,7.02730930388023e-05,7.02730923076535e-05,7.02730930388043e-05,0.0549250170011101,0.944499188067656,0.000154156373825439
"ACGTTATTGGTCACTC-1",9.02864315567415e-05,9.83113838575115e-05,9.02864333108885e-05,0.0763550906064799,0.0325875110468054,9.02864333108995e-05,0.501340340975622,0.389230051628969,0.000117835060087747
"ACGTTCGCAATCAATT-1",0.000103622378114962,0.000103622378172481,0.000103622378172473,0.000103622378172476,0.000103622378172484,0.000103622378172474,0.174922505423205,0.776408832729633,0.0480469275781848
"ACGTTCGTTCAGGAAA-1",0.0223602415143448,0.0022862735387049,9.76029663589454e-05,0.0799296305292665,0.0966333981347033,0.030052472938806,0.68667543699684,0.0396508750344945,0.0423140683464812
"ACGTTCTGTACAAGTC-1",8.51154550276255e-05,0.036409127128497,8.51154566542257e-05,0.0912978768144625,0.0094619546491636,0.00122151301357465,0.499213142042671,0.265438031696881,0.0967881237430685
"ACGTTTAGTTGTGATC-1",0.00299400833775916,0.0169258341710342,0.0101110990531213,0.141507730094658,0.00012997113572903,0.00012997113572903,0.705839838767772,0.062743409750084,0.0596181375541125
"ACTAATACGTCAGGCG-1",9.06011469116388e-05,9.06011487335683e-05,9.06011487335502e-05,0.00939907915012072,9.06011487335716e-05,0.016817355879198,0.790197126418756,0.183133432810079,9.06011487336002e-05
"ACTACCAGCTCTCTGG-1",7.04098562888983e-05,7.04098561351895e-05,7.04098561351013e-05,0.00113599599009753,7.04098561351651e-05,7.04098561351905e-05,0.875921482678088,0.00668540958259922,0.115905062468385
"ACTATCGCCGGCTAAA-1",8.76420369989838e-05,0.0174755094504186,9.44533695634661e-05,0.0217146723755036,0.0239038190487249,0.0512798617067457,0.485858786629989,0.399465967087555,0.000119288294500427
"ACTATTTCCGGGCCCA-1",0.0161439331878478,0.000139266887161252,0.000139266887161255,0.000139266887161252,0.021003842097472,0.0604472741423072,0.762534640961531,0.000139266887161245,0.139313242062197
"ACTCCAATATCATCAT-1",7.35941771615962e-05,7.35941771554718e-05,7.35941771555109e-05,0.000751258893211161,7.35941774379429e-05,7.35941771554751e-05,0.813374806041167,0.171590930732273,0.013915033447283
"ACTCCCGAATTCGTTT-1",8.98382589613279e-05,9.79103423963138e-05,0.0336664926623745,0.098468171312693,8.98382598602197e-05,0.0443093103749276,0.568793260175698,0.254307243451769,0.000177935161320383
"ACTCCCGTAGACTAGG-1",0.00603231469225294,9.12866300206265e-05,9.12866300206267e-05,0.0514328979389441,9.12866298936022e-05,9.12866300206251e-05,0.277060785019455,0.502504243167166,0.162604612662227
"ACTCCGGCCGACCACT-1",8.9399732886099e-05,8.93997389762389e-05,8.93997389762016e-05,0.336551599282626,8.93997389762337e-05,8.93997389762372e-05,0.461828751525031,0.200982628285336,0.000190022218216699
"ACTCGATGTATTTCAT-1",9.88589408021205e-05,0.000106928712600354,9.88589414958409e-05,0.0862556147683699,9.88589414958156e-05,9.88589414958438e-05,0.407322805723541,0.428205580592246,0.0777136344379527
"ACTCGTCAGTAATCCC-1",0.00141067347652899,9.72806191644362e-05,9.72806191644423e-05,0.0132637572903935,9.72806191644353e-05,9.7280619164436e-05,0.984732010045204,9.72806191644396e-05,0.000107156092051457
"ACTCTAAACCTGGGAT-1",9.62935974661389e-05,9.62935993709573e-05,9.62935993709643e-05,0.0569420586027433,9.62935993709573e-05,0.0373608439420594,0.468913817678218,0.436107760807205,0.000290344574195427
"ACTCTCTTATACACGA-1",8.72621138014286e-05,8.72621155224524e-05,8.72621155224524e-05,8.72621155224528e-05,0.00375664496935597,8.72621155224305e-05,0.295631292360988,0.603363020891536,0.0968127312022288
"ACTCTGACCTAATAGA-1",8.94927303178496e-05,8.94927303355731e-05,8.94927303355365e-05,0.0589567655195914,0.02113039458519,0.00116031530372264,0.61445764755598,0.303680243466319,0.00034615537820844
"ACTCTTGTATAGTAAC-1",5.9234539219254e-05,5.92345371237861e-05,5.92345371237784e-05,0.000422629765502035,5.92345375474602e-05,5.92345371237777e-05,0.99913344164835,5.9234537123744e-05,8.85213608863628e-05
"ACTGAAACGCCGTTAG-1",9.89319771929083e-05,9.8931979133851e-05,9.89319791338047e-05,0.112945949032103,0.0210361618891939,9.89319791338464e-05,0.715218856607005,0.0446382524858365,0.105765052071267
"ACTGATTTAGTGATTC-1",0.00726436178842029,8.46328355155768e-05,0.718927368426747,0.181295528085075,5.88168369967333e-05,5.88168349851894e-05,6.46188232408344e-05,0.092098768627392,0.000147087741627576
"ACTGCCCGCCATTCTC-1",0.000160535634475188,0.000160535634482745,0.000160535634482727,0.0399899383133514,0.00016053563448273,0.000160535634482747,0.580936479650436,0.378100086186863,0.000170817676943141
"ACTGTAGCACTTTGGA-1",0.000101878494393113,0.000101878496423595,0.000101878496423705,0.000101878496423709,0.0271562280010144,0.000101878496423659,0.416189798986737,0.555860586680171,0.000283993851990463
"ACTTACCGGGCGCGCA-1",8.34507216490973e-05,8.3450723295846e-05,8.34507232958453e-05,0.0320332755707234,8.34507232958441e-05,0.0455819520251077,0.727887904524678,0.194022441857611,0.000140623130342823
"ACTTATACTTACCCGG-1",0.000105553090874882,0.000105553090870057,0.000105553090870082,0.0034610100482214,0.000105553090429769,0.027107351506992,0.587530541956652,0.372256499216386,0.00922238490870418
"ACTTATTAGGATCGGT-1",0.000172900593306005,0.00017290059284558,0.103855588702246,0.00547744467937162,0.000172900593035871,0.0001729005928458,0.272698443003488,0.617104020650015,0.000172900592845634
"ACTTCAGGCTGATCCC-1",0.000131936772416294,0.000920909728744056,0.000131936771903027,0.0179376885024536,0.000131936771903004,0.000131936771902997,0.483120717200381,0.270869143656702,0.226623793823594
"ACTTTACCCTCATGAA-1",9.36330698498874e-05,0.0112483828549266,9.36330716922535e-05,0.0773224176750219,9.36330716922687e-05,9.36330716922752e-05,0.620543323787739,0.185483093258435,0.105028250138951
"AGAACTGTACTTTGTA-1",6.28476335982763e-05,6.28476381875806e-05,6.28476382059481e-05,6.28476381875867e-05,6.2847637470263e-05,6.28476381875815e-05,0.200683862122632,0.748385129461453,0.0505539225920775
"AGAAGAGCGCCGTTCC-1",6.46643567128822e-05,0.00367711270244348,6.46643588419602e-05,6.46643588419515e-05,6.46643588419518e-05,6.46643588419452e-05,0.104063027704793,0.891705996619338,0.000230541181344542
"AGAATGCGGGTTCGGA-1",5.97657558368604e-05,5.97657599270628e-05,5.9765759927063e-05,0.0659957602547306,5.97657599270641e-05,0.0378148908297958,0.863421863953211,0.0324444738139388,8.39481127056669e-05
"AGAATTATGGATTCGA-1",0.000143630494863558,0.000145532918598224,0.000143630499459665,0.330683255170686,0.000143630497965002,0.000143630499459657,0.423711565092367,0.24466792951047,0.000217195316131157
"AGACAGCTCAGAATCC-1",0.000131698916579741,0.000131698916580257,0.00973061805774673,0.0555916919171827,0.0418083236293503,0.0712481309443812,0.542115076792789,0.27911106190881,0.000131698916580274
"AGACCCACCGCTGATC-1",4.41045224720975e-05,4.41045246403373e-05,4.41045246403412e-05,4.41045246403416e-05,4.41045246403412e-05,4.41045246403446e-05,0.0817757195844391,0.88920773972067,0.0287519135492172
"AGACGGGCCGATTTAA-1",6.40728453945711e-05,6.40728453919024e-05,6.40728453919758e-05,0.00190381546971204,6.40728453919142e-05,6.40728453919349e-05,0.513546288083969,0.483979418921375,0.000250113297981423
"AGAGAAGGAGTACAAT-1",0.000111927557197403,0.000111927558201266,0.00011192755820126,0.000111927558201257,0.000111927558135685,0.000111927558201266,0.203792243105891,0.795404735430026,0.00013145611594479
"AGAGCGCTTGTAACGG-1",6.57674696340729e-05,0.00832450464351719,6.57674696398376e-05,0.00256703621252829,0.000318093647120181,6.57674696398357e-05,0.239475561859142,0.729373144908587,0.0197443563201917
"AGAGTATAGTGTTACG-1",0.000102168374639825,0.000102168373661819,0.000102168373661819,0.000102168373589108,0.000102168373661828,0.0117203310373729,0.0101000026483482,0.977356426302621,0.00031239814244329
"AGAGTTAGAGACCGAT-1",4.47371763154687e-05,4.47371798435644e-05,4.47371798435445e-05,4.47371795344272e-05,4.47371798435577e-05,4.4737179843583e-05,0.0439822507642144,0.881768050229306,0.073981275931255
"AGATAACTTCAGGGCC-1",6.35852677118955e-05,6.35852719862095e-05,6.35852719861525e-05,6.35852719862128e-05,6.35852719862114e-05,6.35852719862098e-05,0.860982023400619,0.0922109978601263,0.0464254671116122
"AGATACCAGCACTTCA-1",8.53678095100554e-05,8.53678111851725e-05,8.53678111851731e-05,0.0417115643612208,0.0245743252028213,0.0102258632158071,0.452235371964621,0.378635972515103,0.0923607993085467
"AGATGATGGAGTCTGG-1",6.68868336947556e-05,6.68868386926537e-05,6.6886838692653e-05,6.68868386930666e-05,6.68868386926529e-05,6.688683869263e-05,0.106055887870071,0.771783827397434,0.121758963705337
"AGATGCTATAACGAGC-1",0.000147467980172608,0.000164924991439727,0.000147467979466882,0.0573655440300166,0.000147467979466881,0.00014746797946688,0.688558896426191,0.253173294654312,0.000147467979466911
"AGATTATAGGACGTTT-1",6.50601649676764e-05,6.5060164792894e-05,6.50601647928548e-05,6.50601647928942e-05,6.50601647928964e-05,6.50601647928937e-05,0.99933855482518,6.50601647929358e-05,0.000206024021095182
"AGCACACGTTTAGACT-1",0.000108961816084089,0.000108961816104528,0.000108961816104438,0.000108961816104527,0.000108961817648157,0.00748039986649696,0.727024141310974,0.000108961816104495,0.264841687924379
"AGCACTACCTCACCAG-1",6.47565695646714e-05,6.47565648788947e-05,6.47565648789604e-05,0.0524443131909246,6.47565648789115e-05,6.47565648788905e-05,0.93790554278626,6.47565648788809e-05,0.00926160462885665
"AGCAGCCAGATGAATA-1",0.000136227236261878,0.000164843741186267,0.000136227236262103,0.23356308856506,0.000136227236038363,0.000136227236262088,0.413668887087657,0.212090826409919,0.139967445251353
"AGCATTACGAGGCAAG-1",8.53942583139764e-05,8.53942598561056e-05,0.00388825057443261,8.53942598561065e-05,8.53942598561066e-05,8.53942598561039e-05,8.53942598560952e-05,0.983104252592004,0.0124951312759693
"AGCCCGGCATTAGAGG-1",7.73840372215845e-05,7.73840372520051e-05,7.73840372519772e-05,7.73840372519785e-05,7.73840371582178e-05,7.73840372519838e-05,0.184853235089002,0.814551770593782,0.000130690093827734
"AGCCCTAAGCGAAGTT-1",0.000124952521998481,0.0419863904245766,0.0241889104874353,0.0534565598327959,0.000124952525720897,0.206648253197969,0.510697725676021,0.15224981163557,0.010522443697913
"AGCCCTCCCTGGTGGC-1",7.1717290900887e-05,0.0470802073886061,7.17172904082385e-05,0.0100289763131729,7.17172902409023e-05,7.17172904082418e-05,0.90908986791546,7.17172904081981e-05,0.0334423619303945
"AGCCGCTTGATTAGCG-1",9.1825855339907e-05,0.0113390099581738,9.18258554710259e-05,0.0594744553756526,9.18258554710356e-05,9.18258554710289e-05,0.390188586377269,0.405675556233437,0.132955088633714
"AGCCTTAAAGCGGAAG-1",0.000100875343947291,0.000100875343945255,0.000100875343945224,0.0611038084544918,0.000100875343511308,0.000100875343945219,0.726443329505946,0.111482898275814,0.100465587044454
"AGCGACATCCCATTCA-1",8.31238840804596e-05,0.0244264671133219,8.31238898084381e-05,0.213740888916703,0.0114550317204573,0.0313025568261375,0.718673389700888,8.31238898084389e-05,0.000152294058795098
"AGCGAGACGTGAAGGC-1",9.9401068354978e-05,9.94010720131244e-05,9.94010720131511e-05,9.94010720131352e-05,9.94010723304228e-05,9.94010720131454e-05,0.440871479255698,0.558328316693597,0.000203797621966873
"AGCGCATAATGAATCG-1",9.83238699969294e-05,0.0418485145266683,9.83238707635596e-05,9.83238707635594e-05,0.0146019414715748,9.83238707635429e-05,0.524137336115006,0.317615839581251,0.101403072823212
"AGCGCTTATGGGCAAG-1",6.09330408284004e-05,6.09330406552219e-05,6.54812506066238e-05,0.00353782737602129,6.09330406552278e-05,0.00189215405926104,0.923507167723457,0.0707039082735913,0.000110662194924234
"AGCTAACAAGCAATGT-1",7.2059895349231e-05,7.20598953656115e-05,7.20598953656394e-05,7.20598953656058e-05,7.20598953656097e-05,0.00773756908737401,0.920889546154814,7.20598953656014e-05,0.0709405253856352
"AGCTCCTTCGCACATC-1",6.58814204022289e-05,6.58814225653725e-05,6.58814225654953e-05,0.0152512922283314,6.58814225653751e-05,6.5881422565376e-05,0.869740304777875,6.58814225653542e-05,0.114613114460565
"AGCTCGTTGATGGAAA-1",6.25150864371232e-05,6.25150882017309e-05,6.25150882017262e-05,0.026848185754047,6.25150882017241e-05,6.25150882017324e-05,0.523330049424502,0.449249115633801,0.000260073748406441
"AGCTCTAGACGTTCCA-1",6.42501953516253e-05,6.42501954197239e-05,6.42501952390549e-05,0.00204398876914775,6.42501954197378e-05,6.42501954197241e-05,0.578607141031284,0.357592606149074,0.061435013073645
"AGCTTCTTCTCGAGCA-1",8.96927468761641e-05,8.96927485879702e-05,8.96927485879966e-05,8.96927485879696e-05,8.96927490291879e-05,8.96927485879728e-05,0.620628838584591,0.190047038167563,0.188785966757589
"AGGACTTATAGGAGAA-1",9.63471471227906e-05,0.0349455268232677,0.00260480193532323,0.0379007140906684,0.00917979821844812,9.63471466347268e-05,0.464584002388132,0.450456609628789,0.000135852621614158
"AGGAGACATCCACAGT-1",0.0010357259485749,9.4936950333001e-05,9.49369503326062e-05,0.010300888423698,9.4936950333039e-05,9.49369503329956e-05,0.495277725688526,0.334203645930773,0.158802266207096
