"","B_cells","Endothelial_cells","Fibroblasts","Macrophages_and_MDSCs","Mast_cells","NK_and_T_cells","SMCs_Fibroblasts_Hybrids","SMCs_maintype","SMCs_subtype"
"AAACAACGAATAGTTC-1",0.000187586588552771,0.122998454512915,0.761359241449886,0.114926260609846,0.000102432238342059,0.000102432238736446,0.000108407068316204,0.000102432238736446,0.000112753054670079
"AAACAAGTATCTCCCA-1",7.70372102475131e-05,7.70372072170207e-05,7.70372071758792e-05,7.70372071997304e-05,7.70372072750362e-05,7.70372072071145e-05,0.398265959682956,0.527889937112884,0.0733818799578377
"AAACCCGAACGAAATC-1",0.000103791188511576,0.0443508248239508,0.639956841237008,0.281691588843571,0.000103791198077993,0.000103791197830639,0.000400444218908277,0.0331851360943107,0.000103791197830631
"AAACGAAGAACATACC-1",0.00833367212741849,0.0198525856880533,9.49570491854821e-05,0.148588094035332,0.001356156228461,0.0338967489172181,0.787659533467095,9.49570491688021e-05,0.000123295438067549
"AAACGGGTTGGTATCC-1",9.38243302397118e-05,0.00640519744414151,9.38243341193672e-05,0.0810221473707308,9.38243341220511e-05,0.0263347687141942,0.733171928503126,0.109144829911146,0.0436396550581796
"AAAGGGCAGCTTGAAT-1",2.52121482010927e-05,2.52121481905937e-05,2.52121481579045e-05,0.000219775185547501,2.52121481932784e-05,2.52121481931103e-05,0.681324983574071,0.318285637301526,4.35431979188937e-05
"AAATAAGGTAGTGCCC-1",8.65825323791662e-05,0.621292059324981,0.246598747737273,0.0448035857373282,8.65825323937209e-05,8.65825323820812e-05,8.65825323821134e-05,0.0868645236672323,9.47534036478518e-05
"AAATAGCTTAGACTTT-1",6.49992635651478e-05,0.156685897238983,0.00921819570758307,0.0401875172636037,6.49992668167793e-05,6.49992668119784e-05,0.792058840857961,6.8678637524402e-05,0.00158587249715102
"AAATCTAGCCCTGCTA-1",6.83396145434751e-05,0.0596245875230741,0.625721796494206,0.12547425150359,0.0370367674768975,6.83396145451772e-05,0.000146038078151771,0.151776863151151,8.30165438406813e-05
"AAATGACTGATCAAAC-1",0.0313676363480231,0.221417795149798,0.444115435589579,0.185746609872675,0.000136748600225825,0.0306655398758603,0.000162718201237608,0.0862401278713415,0.00014738849125979
"AAATGGCATGTCTTGT-1",6.79519834434376e-05,0.00315262849924398,0.000112754146109418,6.79519829481538e-05,6.7951982952867e-05,6.79519829528629e-05,0.147885383778625,0.658323036606972,0.190254389036752
"AAATGTGGGTGCTCCT-1",0.0142336863315634,0.0113018876870106,6.5464886405276e-05,0.267274139488932,0.00372017156573028,0.0588687780653697,0.644390067351136,6.54648864005119e-05,8.03397374519522e-05
"AAATTCCAGGTCCAAA-1",7.15965973785017e-05,0.00649974017372426,0.685741425952573,0.181566052795158,0.0115088186521146,7.15965871651914e-05,0.00017307839643957,0.114039616395064,0.000328074450382395
"AAATTGCGGCGGTTCT-1",0.00498567514523478,0.0102289006829064,0.011995048332204,0.0270699506218597,0.000102700802081257,0.000102700802080861,0.945288667244937,0.000102700802080337,0.000123655566615883
"AACACACGCTCGCCGC-1",3.3469573414342e-05,3.34695768474897e-05,3.34695769501391e-05,3.34695663311207e-05,3.34695757875042e-05,3.34695768267068e-05,0.238638021436843,0.639617776578995,0.121543384538004
"AACACGACTGTACTGA-1",0.0113908010559756,0.016851054623639,4.53308206782962e-05,0.121938733850011,0.00238312019748208,0.0177625750082296,0.829487545344526,4.53308206761932e-05,9.55082787824216e-05
"AACAGGAAATCGAATA-1",7.50654600269941e-05,7.50654583193147e-05,0.000136074177273995,0.00394811188908404,7.50654583273911e-05,7.50654583090024e-05,0.411040842350693,0.584494195786949,8.05139610174035e-05
"AACATTGGTCAGCCGT-1",4.85283659591309e-05,4.85283660521811e-05,4.85283660592019e-05,4.85283660922868e-05,4.85283655873675e-05,4.85283660723263e-05,0.463435976845518,0.429182029583735,0.107090823374924
"AACCCGCTGTATTCCA-1",0.317951947932359,0.101828479438315,0.277054267699749,0.145738774489292,0.00345906684096291,0.146978251531124,0.000272363554550037,0.00644448495909799,0.000272363554550048
"AACCCTGGTGGAACCA-1",7.20826218501897e-05,7.20826218645755e-05,7.20826218677849e-05,7.20826218554233e-05,7.20826218527569e-05,7.20826218613984e-05,0.440536155794814,0.453197553889625,0.105833794584409
"AACCGTTGTGTTTGCT-1",0.00818581803527828,0.0156715987863815,0.000284282934184239,0.0778208881181356,0.00474411950790623,0.000697200038818381,0.873203914836504,0.00406554926445245,0.0153266284783393
"AACCTGTCACGGAATT-1",0.0070678423864654,5.10897365193665e-05,0.82187791078278,0.123867334558266,4.97036259933523e-05,4.97036266978512e-05,0.000134113651382706,0.0466435482038326,0.000258753428062154
"AACGATAGAAGGGCCG-1",0.000136232725767851,0.0575375383944726,0.000136232725973231,0.284544133586343,0.00555384051484583,0.0927341280034687,0.55907330026179,0.000136232725977981,0.000148361061360478
"AACGATATGTCAACTG-1",9.28732107659562e-05,0.0289310820654345,0.322578192767387,0.0736228209395555,0.00748148668300789,9.28732108931659e-05,0.348675587487212,0.218259569559221,0.000265514076523242
"AACGCTGTTGCTGAAA-1",0.000100385785225888,0.0797278955580443,0.683846724679292,0.235823065041944,0.000100385786001228,0.000100385787373253,0.000100385787373274,0.000100385787373255,0.000100385787373258
"AACGGACGTACGTATA-1",3.41915342221305e-05,0.000596257492874674,3.41915365504088e-05,0.00133958039014664,3.41915367328314e-05,3.41915365325948e-05,0.550089882750056,0.34994960427771,0.0978879089451743
"AACGTAGTCTACCCAT-1",0.00775256098541345,0.0216043324016434,0.0443250367259378,0.319844038262504,9.59248975502205e-05,0.0182566375829787,0.587799837728623,0.000113400453309527,0.00020823096203976
"AACGTCAGACTAGTGG-1",3.34055677070508e-05,0.00362659761159755,3.34055680989708e-05,0.016599775107101,0.00167266964951354,3.34055681115722e-05,0.563339919935897,0.249494589876556,0.165166231115417
"AACGTCATCCGGCTTG-1",0.276445203895167,0.249461472047341,0.287746502715678,0.134197664108994,0.000196900783336234,0.000334198755184479,0.000196900783284416,0.0001969007832844,0.0512242561277311
"AACGTGCGAAAGTCTC-1",7.20945601564323e-05,7.20945610217494e-05,7.2094561003166e-05,7.20945609690064e-05,0.000534891088557839,7.20945610173645e-05,0.788269429885547,0.210742183863459,9.30223582681964e-05
"AACTACCCGTTTGTCA-1",0.000134033045217436,0.0145524308189521,0.660883844347299,0.174435901985948,0.0156310821726819,0.133957489177444,0.000137152381651861,0.00013403303540284,0.00013403303540284
"AACTCGATAAACACGT-1",0.0726814006609601,0.0200152008581986,0.45026231714969,0.0896374613034226,6.61633953699852e-05,6.61633953695661e-05,0.0606385212988181,0.293728526286133,0.0129042456520387
"AACTGATATTAGGCCT-1",0.000106171248701837,0.00184207266220893,0.0166389364047767,0.0283339751383978,0.00010617124867193,0.000106171248664566,0.549988166491638,0.402685798022628,0.000192537534312635
"AACTTCTGCGTCTATC-1",5.03476710604576e-05,0.000630565448107972,5.03476710241448e-05,5.03476710326127e-05,5.03476710322116e-05,5.03476710388478e-05,0.585553250921272,0.378170325174242,0.0353941201011905
"AACTTGCCCGTATGCA-1",0.000146634869575245,0.0513123890647686,0.336740416738676,0.0668638629756047,0.000146634869611815,0.000146634869611815,0.234025831306854,0.310407219544151,0.000210375761147438
"AACTTGCGTTCTCGCG-1",7.46241699390613e-05,0.00809223080179126,7.46241699353711e-05,0.617162598391053,0.00283428808473558,0.0207728021109059,0.350839583931787,7.46241699260772e-05,7.46241699260767e-05
"AAGACTAACCCGTTGT-1",0.000102828658252086,0.0161644474981249,0.0349219315061313,0.491662088662032,0.0202567092807212,0.0400656706287694,0.396620666449405,0.000102828658281902,0.0001028286582819
"AAGACTGCAAGCTACT-1",0.000127672004059785,0.263599337731313,0.284415828476646,0.073311545921413,0.0074168870907913,0.0168200878672039,0.169093359917772,0.185055333931898,0.000159947058903378
"AAGAGATGAATCGGTA-1",0.00013979989673915,0.0165216774439464,0.437429971337488,0.0885133234233533,0.0250759653921142,0.00013979989673289,0.299329818538529,0.127164111042708,0.00568553302838973
"AAGAGCTCTTTATCGG-1",4.53683517015512e-05,0.0285538949838197,4.53683496393454e-05,0.0202566933895792,0.00229042905987635,4.5368349631883e-05,0.886678207287268,4.53683496346801e-05,0.0620393018788497
"AAGCCGAAGCGGTTTA-1",3.59114593124486e-05,0.000289850564052228,3.59114615444633e-05,3.59114615189578e-05,0.00011391822080295,3.59114615202324e-05,0.271111320407737,0.708745339471447,0.0195959254920654
"AAGCTCGTGCCAAGTC-1",3.47806388285808e-05,3.47806387649107e-05,3.47806387612702e-05,0.000335709940434127,3.47806384230752e-05,3.47806387183763e-05,0.378300639248895,0.621096968394139,9.27792230358291e-05
"AAGGAGAACTTATAAG-1",0.0172806704523352,0.0332714736517566,9.190247947112e-05,0.259329029893381,0.00131125103938281,0.0162340169743574,0.672275742552848,9.19024794711166e-05,0.000114010476996755
"AAGGATCGATCGCTTG-1",6.56772316299158e-05,0.00113106916946628,6.56772338473446e-05,0.0719249488113987,6.56772338579716e-05,6.56772338587653e-05,0.892553497873606,0.000103380726749866,0.0340243944855847
"AAGGCAGGCTGTCTCC-1",9.36990515578374e-05,0.00697323669481391,0.837025451787404,0.133849527375138,9.36990558486678e-05,9.36990556207286e-05,9.36990556207356e-05,9.36990556207289e-05,0.0216832888683752
"AAGGCGCGTAAAGCTT-1",3.27612660244128e-05,0.0129420312272105,3.27612661810333e-05,0.0103862882839474,3.27612661855764e-05,3.27612661929272e-05,0.869127996485502,0.0201679139968845,0.0872447249418716
"AAGGTATCCTAATATA-1",2.37809066772769e-05,2.37809059698912e-05,2.37809059798916e-05,2.37809060432226e-05,2.37809059881904e-05,2.37809059262759e-05,0.229638168344889,0.660687921756485,0.109531224462041
"AAGTAAGCTTCCAAAC-1",0.0001023010421595,0.00957909221390178,0.0302313522638594,0.461854564551005,0.0012724454683725,0.0168721373799241,0.479883504996265,0.000102301042256327,0.000102301042256332
"AAGTAGAAGACCGGGT-1",4.74042808748167e-05,0.0201786741725265,4.74042809176374e-05,0.136316784084818,0.0166475878457689,0.0182408092231791,0.808211350610376,4.80811269389276e-05,0.000261904374600048
"AAGTGTTTGGAGACGG-1",0.000149142666425124,0.000149142666462283,0.283446968291147,0.109002606386571,0.000149142666462284,0.000149142666462282,0.244579976618044,0.362177355892578,0.000196522145847627
"AAGTTTACTAATGGCA-1",0.00326322471862225,0.0141977764393071,0.000134550817449433,0.206731804410508,0.00209356094206441,0.000134550817448047,0.773175430219704,0.000134550817448045,0.000134550817448057
"AATAAGTCCTCGAGAC-1",0.000284510585774171,9.79952141893301e-05,0.113864350799249,0.0612822211304937,0.00490847773149644,9.79952141893258e-05,0.43099342659384,0.315476713676321,0.072994309054447
"AATACAATGTTTCAGG-1",5.00315530966141e-05,5.00315531128072e-05,0.0628591883976352,0.0365039848250399,0.00161312446625554,5.00315531030297e-05,0.504247090606715,0.360365676046156,0.0342608409988861
"AATAGAATCTGTTTCA-1",4.73185485583425e-05,0.00387934434500676,4.73185469305785e-05,0.0143881972283101,0.00231010976115293,4.73185469427258e-05,0.939942283031408,5.20275997413177e-05,0.0392860823919489
"AATATCGAATCAATGC-1",9.85360494547897e-05,9.85360497190811e-05,0.14008738522036,0.0888920829159225,9.8536049720595e-05,9.85360497190822e-05,0.407990904451416,0.36249492701593,0.000140556197757508
"AATATCGAGGGTTCTC-1",4.77656570840121e-05,0.0785257005700442,4.77656552990751e-05,0.0515866550422298,0.00215729309676633,0.00118484433593182,0.601303830609419,0.181455299675628,0.0836908453575974
"AATCAGACTGCAGGAC-1",0.00173447428094033,0.0323080312055028,0.034706762018763,0.476471413038728,0.000144901177577289,0.0225698577394671,0.419019828151496,0.01289431635741,0.000150416030116196
"AATCATGTAAAGACTC-1",0.00014175326319192,0.0792247615399124,0.455723337549092,0.367383064634441,0.052268242192909,0.0273827666447519,0.000141753263273354,0.00296576147636125,0.0147685594360678
"AATCCCGCTCAGAGCC-1",0.176733301572199,0.268444036139245,0.341532089079775,0.117000757622407,0.000194312634807633,0.0925671480878997,0.000194312635935694,0.00313972959179665,0.000194312635935689
"AATCGCCTCAGCGCCA-1",6.81133951065682e-05,0.00718377661025814,6.81133937367236e-05,0.0114303609963927,6.81133937500075e-05,6.81133937491622e-05,0.915828687659797,8.30031160486142e-05,0.0652017180411615
"AATCGCGCAGAGGACT-1",2.43628423547084e-05,0.00132656342328197,2.43628424935144e-05,0.00765808579866177,2.43628425035492e-05,2.43628425122905e-05,0.339501506042086,0.538215348548277,0.113201044817829
"AATCTATGCCGGAGCC-1",6.67524805642267e-05,0.0327675831136584,0.551689808986586,0.415142092949059,6.67524932348362e-05,6.67524942244519e-05,6.67524942245166e-05,6.67524942244521e-05,6.67524942244555e-05
"AATGACGTAGGATGTC-1",3.34782688335363e-05,3.34782685775732e-05,3.34782685841289e-05,3.3478268584973e-05,3.34782676658793e-05,3.34782685763497e-05,0.270843546096068,0.598803674363155,0.130151909929955
"AATGACTGTCAGCCGG-1",7.14233860013942e-05,0.00840919119978203,7.14233860204687e-05,0.0166135274045582,7.14233860180885e-05,7.14233860227549e-05,0.710470593042163,0.240232873073214,0.0239881217362195
"AATGAGTTCGCATATG-1",0.00300684677561294,0.0154657401806701,0.00799637193591369,0.127777639556709,0.00473130146425456,0.0389005093930219,0.758197060948272,0.0239657551099759,0.0199587746355703
"AATGATGATACGCTAT-1",3.30595255987299e-05,0.0371923114318392,3.30595258979206e-05,0.0153720990858485,0.000503918954503196,3.30595258884886e-05,0.797957483125411,0.0261640289150748,0.122710979909938
"AATGATGCGACTCCTG-1",2.44474149098123e-05,2.44474115071252e-05,2.44474114859849e-05,2.44474115036144e-05,2.44474111087279e-05,2.44474115224703e-05,0.21789010085976,0.59926498575733,0.182698228910873
"AATGCACCAAGCAATG-1",8.57971357737667e-05,0.544259887409251,0.273547290580696,0.0664864737267793,8.57971302660373e-05,0.0295818616284901,8.5797129042972e-05,0.0845497433753022,0.00131735188439861
"AATTACTCGTACGCTC-1",0.0119873865655388,0.205030423613896,0.68238291375437,0.0553481816693975,0.0187158138458314,0.00294501608497531,9.75253115990524e-05,0.0233896989024239,0.000103040251967596
"AATTCATAAGGGATCT-1",4.66742341667216e-05,0.0233861435135982,4.66742346001347e-05,0.00444372019778718,0.00132927501441959,4.66742345699665e-05,0.758053535851416,0.0837837201631232,0.128863582556319
"AATTCCAACTTGGTGA-1",0.0241739544239738,0.0230776527324729,0.576331140899854,0.0779912542225389,6.93795480430109e-05,6.93795497304426e-05,0.0850450683312655,0.213170795431043,7.137486107823e-05
"AATTGAACGCTCTGGT-1",6.54373160914455e-05,0.0118603880839362,6.54373162284018e-05,0.0154367656843732,0.00732695068730384,6.54373162307231e-05,0.861447077288565,0.0370917425750849,0.0666407637321869
"AATTTGGTTCCAAAGA-1",0.00189003398741014,0.0013626169224461,3.33156183849872e-05,0.0152160201030899,0.000578392382250266,3.33156183815905e-05,0.914819590165246,0.0476312283875361,0.0184354868152545
"ACAAATCGCACCGAAT-1",0.0002917856095643,0.0186533310204862,0.189063369170966,0.146303856263539,0.0453088580592704,0.000291785610762821,0.35292367700376,0.168538466051109,0.0786248712105423
"ACAAATGGTAGTGTTT-1",6.71041961914379e-05,0.021125201303004,6.71041934755659e-05,0.0529510470703669,0.00306165360702316,6.71041935786241e-05,0.922164742945734,6.71041935786094e-05,0.000428938297047248
"ACAACAGCATGAGCTA-1",7.2573371197107e-05,0.00676795251011319,0.00564492043955489,0.0135135348951854,0.00471679574484071,7.25733690203553e-05,0.398625438811762,0.556627294370212,0.0139589164881147
"ACAAGGGCAGGCTCTG-1",4.52068401235332e-05,0.00826041675101846,0.0919192727860534,0.100158350690078,0.00395861356588138,4.52068429625649e-05,0.547595682176234,0.205942857122357,0.042074393225292
"ACAATCGATCTTTATA-1",0.00865159107513675,0.00193073346410017,6.74373741788389e-05,0.0183635839249375,0.000401018999992224,6.74373741693639e-05,0.826917216582197,0.143326581576005,0.000274399629284173
"ACAATTGTGTCTCTTT-1",7.81368385327023e-05,7.81368374947116e-05,7.81368374279817e-05,7.81368371749957e-05,7.81368374685822e-05,7.81368374117286e-05,0.25898267960911,0.535845741414055,0.204702757951324
"ACAATTTGAGCAGTGG-1",6.34101192529463e-05,0.112676553825441,6.3410119579007e-05,0.0542780567502168,6.34101195751409e-05,0.0369287982419251,0.707602038870099,0.0505265378724978,0.0377977840814132
"ACACACTTTCTACACG-1",1.66351755702925e-05,1.66351755780806e-05,1.66351755721674e-05,0.00516405414605661,0.00176392110778714,1.66351755831232e-05,0.531386828313386,0.370311599768076,0.0913070559623908
"ACACATTGACGCAACA-1",0.00327138337717543,0.180702793345964,0.57130427910508,0.136846174599307,0.00543536114405965,0.00586241496037576,9.5448503424972e-05,0.091669777179037,0.00481236778557651
"ACACCCAGCATGCAGC-1",6.41945596991988e-05,0.00116669653816192,0.107743755678756,0.0621132526511706,6.41945655274302e-05,6.41945655289543e-05,0.769187734223354,0.0594837357113895,0.000112241506412516
"ACACCTTAAGTAGGGC-1",6.99569772838555e-05,6.99569773306757e-05,6.99569773295238e-05,0.00166460225531924,6.99569771651614e-05,6.99569772965876e-05,0.407379247454625,0.533265322152587,0.0573410432510629
"ACACCTTACTACTTGC-1",3.42525609522469e-05,0.000227556035396479,3.42525605201558e-05,0.00179233083740022,0.000459541511049399,3.42525604793341e-05,0.640325226273569,0.313822591355044,0.0432699963055893
"ACACGAGACTCCTTCT-1",6.84554603839061e-05,0.0201526397388299,0.165688573693726,0.125769198696849,0.00897660380180365,6.84554603925706e-05,0.50123730051083,0.166001451216221,0.012037321420963
"ACACGGCACTATGCAT-1",4.89893469190237e-05,4.89893567739827e-05,0.00523018283811564,4.8989356675998e-05,4.89893567926637e-05,4.89893567586414e-05,0.386307334686077,0.54081182042944,0.0674057152724466
"ACACGGGAACTTAGGG-1",0.000137743525489558,0.0215793370178831,0.221087481317742,0.0691203422906202,0.00863081900246198,0.000137743526810086,0.514142660489113,0.164941960547598,0.000221912282281837
"ACACTCCAATGTCACT-1",7.34433935187132e-05,7.34433939148172e-05,7.34433939224884e-05,7.34433939483641e-05,7.34433938994638e-05,7.34433939052618e-05,0.546032795447302,0.325157721691661,0.128368822497928
"ACAGGCTTGCCCGACT-1",0.000151635860486518,0.0629499536997948,0.618458371210829,0.204990868472394,0.000151635864172649,0.0368358812886223,0.000218464522510598,0.076091553216061,0.000151635865128788
"ACATCGTATGCAATGG-1",4.75717857127139e-05,0.000648856094432993,4.75717857534183e-05,4.75717857490553e-05,0.00020876658192329,4.75717857532264e-05,0.863318281082274,0.045142212036832,0.090491597061569
"ACATGGCTCAATTTAG-1",0.00267323829182875,5.62999633895624e-05,1.72397399707323e-05,1.72397399844435e-05,1.7239739959194e-05,1.72397399634718e-05,0.697239179333914,0.289741827508638,0.0102204959423518
"ACCAAACTAGAAATCC-1",3.42363366380382e-05,3.42363366830452e-05,3.42363366845786e-05,3.4236336694629e-05,3.42363366879722e-05,3.42363366860949e-05,0.284861485154603,0.575557354225858,0.139375742599464
"ACCAAGAACGCGTGTC-1",9.45154299997079e-05,0.048080696487556,9.4515430084788e-05,0.161298950043661,0.00362652200726867,0.049373972884381,0.737241796857069,9.45154299902008e-05,9.45154299902124e-05
"ACCACGTGCAGCTATA-1",6.38167867612738e-05,0.00519212418616022,0.603991053913984,0.110885842387358,0.0025702943431149,6.38167865980527e-05,0.0715222300465977,0.169896337113363,0.035814484436063
"ACCACTGTTCAAGAAG-1",0.00361488617959295,0.513050477674438,0.365471335462731,0.0823454782065903,0.000132206983494362,0.0243202004507962,0.000132206983728721,0.010801001074899,0.000132206983728722
"ACCAGCCCGGTCTTTG-1",0.00410468015110337,0.000102022888942297,0.863558655787413,0.121748489290444,0.0100780603263281,0.000102022888942283,0.000102022888942334,0.000102022888942282,0.000102022888942302
"ACCAGTGCGGGAGACG-1",9.74392688383379e-05,0.0263692512093352,9.74392697913331e-05,0.0993264845385305,0.00390195305421706,9.74392697903694e-05,0.818570708597392,0.000108665542314671,0.0514306192497905
"ACCCACCTACATGCTC-1",5.15268749208872e-05,0.00059199281108435,0.0109371972683061,0.000248435531678225,5.15268759719681e-05,5.15268759776231e-05,0.543161773653835,0.444840978760839,6.50413473866021e-05
"ACCCTATAGGACTGAG-1",0.00226278472520302,0.00794704868887392,0.00363878473255245,0.380648776266388,0.000142297694274607,0.0169307071554313,0.588145005349857,0.000142297693710214,0.000142297693710196
"ACCCTCCCTTGCTATT-1",7.08427233188157e-05,7.08427245121159e-05,7.08427245127815e-05,0.006905972766634,7.08427244943297e-05,7.0842724487058e-05,0.849719449832288,0.133730682726176,0.00928968105357694
"ACCCTTCATCTGCGAA-1",0.000914082745236546,3.34078319871938e-05,3.34078319837796e-05,0.0171337040598952,3.34078319844188e-05,3.34078319814598e-05,0.816101357370547,0.165435642608593,0.000281581887791417
"ACCGCAATAACTGCCT-1",0.000135367149142205,0.000142907232680776,0.365175039359356,0.212288521760783,0.00801012367696952,0.000135367149033737,0.0926694163148444,0.181984004186338,0.139459253170853
"ACCGCGGTGGAAGTCG-1",4.56225937082933e-05,0.0647257703167118,4.5622593457822e-05,0.0665398596481193,0.00113683549485806,0.00442724536002145,0.862911009212888,4.5622593453289e-05,0.000122412186781873
"ACCGTTCCCGCTCTGA-1",0.0079875265616355,0.0106916322666178,4.49553671365513e-05,0.0176577808574895,4.49553671310501e-05,0.00303954649906813,0.903280958281282,0.0571530192284316,9.9625571208085e-05
"ACCTACAGTATGTGGT-1",4.86949784165104e-05,4.86949787358598e-05,4.86949787109994e-05,4.86949787244877e-05,4.86949785762989e-05,4.86949787490089e-05,0.41964776900718,0.492331700660561,0.0877283604603461
"ACCTCCGTTATTCACC-1",7.06101922358358e-05,7.06101968965938e-05,0.0301437588770994,0.0298957502229046,7.06101968892805e-05,7.06101968925484e-05,0.35205685021213,0.57546476814444,0.0121564317605119
"ACCTTTCCTTTAGAAG-1",0.00618884172647629,0.00939637182024174,0.0358986083689174,0.056643279712063,0.00650711355121272,0.000104171663306075,0.610039111148885,0.262570843296003,0.012651658712895
"ACGAGTACGGATGCCC-1",2.50239893096789e-05,2.50239963407407e-05,2.50239963381995e-05,2.50239962855888e-05,2.502399464497e-05,2.50239963270057e-05,0.362710150408177,0.550102793421938,0.0870369122006394
"ACGAGTCGCCGGCGTT-1",0.177122828915684,0.193545734107453,0.433251474110396,0.128133289419055,0.00390154185379463,0.0626638903794154,0.000460413738023823,0.000460413738072836,0.000460413738104228
"ACGATACATAGAACTA-1",0.000135173017074955,0.00767915966285861,0.36726113523541,0.106945709802502,0.000135173013472299,0.000135173016622917,0.347795470386538,0.100275972400151,0.06963703346537
"ACGATGGATCCGATGC-1",7.15962465489561e-05,7.15962464193256e-05,7.15962464289125e-05,7.15962464331296e-05,7.15962467506803e-05,7.15962464007574e-05,0.507887246900578,0.430071184656895,0.0616119909635449
"ACGCAATCACTACAGC-1",9.19484551216146e-05,0.000138281434017658,0.640145239717939,0.359162603467171,9.19484547195094e-05,9.19484551398965e-05,9.41331056113586e-05,9.19484551398951e-05,9.19484551399203e-05
"ACGCCCAGCTGTCGAT-1",0.00669772778215833,0.0230095952872215,0.732998625694783,0.132901090613763,0.0642487786982177,0.00678311962057848,0.000160049001782173,0.0330697993099256,0.000131213991570399
"ACGGCGACGATGGGAA-1",0.000142618825824668,0.0677719354495089,0.421553579747373,0.087721792181635,0.000142618825218122,0.000142618825218145,0.228125840232356,0.194244283252599,0.000154712660267291
"ACGGGTCATGTGACTT-1",0.00826584058461635,0.0626621846037432,0.629516455376545,0.122406656753302,5.14545375300709e-05,5.14545375300739e-05,0.103133059351382,0.0638548519621233,0.0100580422932284
"ACGTACAGATTTCTCT-1",0.00993227569611207,0.00922518696909083,0.00393971960092859,0.0523267948078482,6.54829122917888e-05,6.54829122911051e-05,0.924257209738031,6.54829122911061e-05,0.000122364451115724
"ACGTCCTAAACGAGAT-1",4.96168949389756e-05,4.96168946052152e-05,4.96168920189766e-05,4.96168943779577e-05,4.96168945930883e-05,4.96168946028943e-05,0.561122386354089,0.438474357520719,0.000105554760055296
"ACGTGCGCCTCGTGCA-1",4.74682933779295e-05,4.7468293325445e-05,0.00640083086394533,0.0263394937997159,4.7468292872631e-05,4.74682933257364e-05,0.538788987172599,0.394932448048592,0.0333483669422453
"ACGTTAATGTCGAAGA-1",0.000135675574561346,0.0485825872694252,0.0599798855796017,0.100066728615264,0.000135675574601848,0.000135675574601854,0.592920982330735,0.19785671489424,0.000186074586968469
"ACGTTATTGGTCACTC-1",0.000144782057966253,0.120246524518134,0.666007285997947,0.132265812514686,0.00569733174920141,0.0164221593012515,0.00017876210212398,0.0587966705673973,0.000240671191292278
"ACGTTCGCAATCAATT-1",0.010861803599995,0.0261334996792029,0.456864472917069,0.415735218802577,0.00572144326780773,0.00592925687770327,0.000147389977230031,0.00527646086421279,0.0733304540142023
"ACGTTTAGTTGTGATC-1",5.20057028643934e-05,5.20057027625182e-05,0.0076704496186017,0.00161742973695938,5.20057027520523e-05,5.20057027592516e-05,0.403485102967067,0.586966989163472,5.20057027625086e-05
"ACTACCAGCTCTCTGG-1",7.26595884052833e-05,7.26595883799895e-05,7.26595883734821e-05,7.26595883973463e-05,7.26595878794722e-05,7.26595883825559e-05,0.500726048052595,0.495174800400093,0.00366319401749423
"ACTAGTTGCGATCGTC-1",3.43740305226234e-05,3.43740311791878e-05,0.00283640903141581,3.43740311891291e-05,3.43740311884243e-05,3.43740311683281e-05,0.212950957033776,0.711240109208219,0.0728006545713414
"ACTATCCAGGGCATGG-1",6.68792688462784e-05,0.0471401460084144,0.00337422939465705,0.130656867567605,6.68792687493279e-05,0.00351980762249934,0.788926731280195,0.0169942667481826,0.009254192840851
"ACTCGATGTATTTCAT-1",0.000468822377402377,0.0429340923359316,0.322393434240792,0.105307095514394,0.00024726897233612,0.000247268972017206,0.418432731066896,0.0886007877647151,0.0213684987555162
"ACTCGTCAGTAATCCC-1",4.57060966437444e-05,0.0464968280139092,4.57061099287933e-05,0.0265113669792886,0.00688213294837701,4.57061099311609e-05,0.909163543524058,4.57061099335212e-05,0.0107633041079295
"ACTCTCTGACTTAGGT-1",1.75087800125291e-05,0.00113861930963946,1.75087779580867e-05,1.75087779884901e-05,0.000781952964542572,1.75087779609938e-05,0.219576401168832,0.761105487897908,0.0173275035451575
"ACTCTTGTATAGTAAC-1",0.000133413366543339,0.023694284636262,0.247150935794567,0.0688187763904288,0.0167317354101249,0.000133413366944036,0.431297780967891,0.211653293858582,0.000386366208656892
"ACTGAATGGCGAAAGT-1",3.30573019021614e-05,0.00943470331754104,3.30573034166243e-05,0.00396284044372487,3.30573034146669e-05,3.30573034100902e-05,0.830511566677138,0.122788312217661,0.0331703481317913
"ACTGCGGACACACCGT-1",6.21477085138128e-05,0.0383383804143483,0.690806617164272,0.258548457532809,6.21477044495018e-05,6.21477053594264e-05,6.21477053594061e-05,0.0118322907986303,0.000225663266258033
"ACTGTACGATACACAT-1",4.69634664160901e-05,0.0236042574300948,4.69634678184993e-05,0.0146350648995196,4.69634678181619e-05,4.69634678014408e-05,0.906250549271335,5.180841854502e-05,0.0552704661106514
"ACTGTAGCACTTTGGA-1",0.000102898490044084,0.00594667712795183,0.152586534582447,0.0991393202820696,0.00334484872893921,0.000102898489827395,0.474784426623302,0.263857905046285,0.000134490629133167
"ACTGTTTAGTGTAGGC-1",0.0312616610084141,0.0201188501584579,0.00991370682248248,0.194544251105485,0.00435904602484421,0.00392722967431196,0.735533606847333,0.00013359981744076,0.000208048541230248
"ACTTATCTGATCTATA-1",9.54825360135894e-05,0.0410451246129611,0.00457867983740224,0.19969551544219,0.00195836381089142,9.54825359772633e-05,0.752339235821174,9.54825359772638e-05,9.66328674130684e-05
"ACTTCAGGCTGATCCC-1",0.000145170778733888,0.0215835560359024,0.306360323141417,0.368415640173647,0.0066103902727833,0.0243686905771442,0.109272894816728,0.142145709059349,0.0210976251442953
"ACTTCGCCATACGCAC-1",4.9720244968086e-05,4.9720246326854e-05,4.97202463298618e-05,0.00953748040774017,4.97202463359786e-05,4.97202463403671e-05,0.457527157650222,0.463904988183463,0.0687817725282742
"ACTTGACTCCCTCTTT-1",0.000133158744855904,0.0780973284642641,0.353814075444763,0.12615210502356,0.0345077243801002,0.000133158767212298,0.243787032164213,0.130425071202483,0.0329503458085499
"ACTTTACCCTCATGAA-1",6.43511576129101e-05,0.00279142997584008,6.43511575993776e-05,0.0170097984466638,6.43511576059564e-05,6.43511575993777e-05,0.865344079670941,0.052175115465917,0.0624221718102205
"AGAACGTGGTACATTC-1",9.36430744202635e-05,0.000763533639868946,0.237547675297449,0.0599539343840983,9.364307442659e-05,9.3643074425471e-05,0.520125342111844,0.1811345905558,0.000193994787666509
"AGACGAAGTGCCGGTC-1",6.59328933380024e-05,0.00560820396314054,6.59329004676008e-05,0.0212384842520393,6.59329004555331e-05,6.59329004700268e-05,0.972595973196613,7.85829761272839e-05,0.000215024017348524
"AGAGCGGGCTAATCAT-1",5.01260255608822e-05,5.01260255314813e-05,5.01260247686633e-05,5.0126025507832e-05,5.01260255227632e-05,5.01260255262099e-05,0.494150178943378,0.479181742354816,0.0263673225493875
"AGAGCGTACAAGCTCG-1",4.94554443703385e-05,0.00248953801909323,0.00499136932246088,0.0150370986937836,0.00137470492000703,4.94554442868662e-05,0.975600394651235,5.19674837010897e-05,0.000356016021062093
"AGAGCTACGAAAGCAT-1",0.0171254775767671,0.00325146905352815,0.00842170352347263,0.0351892127808093,9.93384176834129e-05,9.93384176822535e-05,0.805458292074938,0.0565773067022034,0.0737778614529154
"AGAGGCTTCGGAAACC-1",5.02460862963407e-05,5.02460904186241e-05,5.02460903962587e-05,5.02460904482108e-05,5.02460904380339e-05,5.02460904030065e-05,0.173474141098887,0.675891175387685,0.150333206975028
"AGAGTAAACTTCACTA-1",4.90377554666753e-05,4.90377580417631e-05,4.90377580444971e-05,4.90377580495979e-05,4.90377581228764e-05,4.90377580376886e-05,0.34550283327518,0.581532046987088,0.0726708931919689
"AGATACTCAAGATCGA-1",6.55520013875763e-05,6.5552002830048e-05,6.55520028307881e-05,6.55520027933543e-05,6.5552002841734e-05,6.55520028172909e-05,0.961831839330765,8.52350171671109e-05,0.0376896136365668
"AGATCGTGCATAAGAT-1",4.87669417051674e-05,4.87669451827011e-05,4.87669451843123e-05,0.027414483053696,4.87669451835372e-05,4.87669451784197e-05,0.288034793886915,0.559496505156449,0.124810383180506
"AGATCTCAGGTGTGAT-1",4.77345363963576e-05,0.00110777244329064,4.77345381996087e-05,4.77345382224875e-05,4.77345382330595e-05,4.77345382444307e-05,0.520647095028906,0.417266816906093,0.0607396429324148
"AGATGACTCGCCCACG-1",6.56184146808297e-05,6.56184148789669e-05,0.00306995693009766,0.0683977814456774,6.56184148773576e-05,6.56184148789666e-05,0.757235721992877,0.155603102264281,0.0154309637077513
"AGATGATGGAGTCTGG-1",6.52944460749216e-05,0.0770787735971188,0.00059111355794359,0.052924718920974,0.000771248631556255,0.00621531601113756,0.837801000353761,6.52944470846777e-05,0.0244872400343496
"AGATGCTATAACGAGC-1",0.130498784745319,0.154185860530011,0.588091909155529,0.0933042801701156,9.1188402044021e-05,0.00647811974962062,0.000132314162516623,0.00646409540643513,0.0207534476784092
"AGCATATCAATATGCT-1",3.54561064656656e-05,3.54561076298913e-05,3.5456107632399e-05,3.54561076238448e-05,3.5456107630096e-05,3.54561076322018e-05,0.258950131293973,0.6115893835935,0.129247748467913
"AGCATCGTCGATAATT-1",7.15072682970114e-05,7.15072672486897e-05,7.15072672352497e-05,0.00772176758005169,7.15072672495453e-05,7.15072672486905e-05,0.369576148802996,0.565681497177017,0.056663050102656
"AGCCACTCCCGTGCTT-1",3.47080484148908e-05,3.47080467159782e-05,3.47080467306533e-05,3.47080467156684e-05,3.47080469727212e-05,3.47080467060059e-05,0.318343497637315,0.608183639502849,0.0732646145775803
"AGCCCTAAGCGAAGTT-1",4.62806017501312e-05,4.62806018126885e-05,4.62806017822776e-05,4.62806018354271e-05,4.62806018109266e-05,4.62806018126822e-05,0.98166876423828,0.0180012779526336,5.22741982824431e-05
"AGCCTTAAAGCGGAAG-1",0.000143261378565228,0.013344220851487,0.693099764612034,0.0566662802795858,0.0170862261532425,0.031932182782092,0.0250274038337096,0.132690151979894,0.0300105081293893
"AGCGACATCCCATTCA-1",3.47580460040203e-05,0.000134309701954934,3.475804706034e-05,3.47580469998377e-05,0.00165142784784331,3.47580470388562e-05,0.329248585572772,0.59415551082925,0.0746711338610771
"AGCGCTAGAGCGATGT-1",0.000123666894107902,0.000123666884497898,0.138058309727907,0.349853495909748,0.000123666884203795,0.00737562052993774,0.250936042516855,0.0120908504830411,0.241314680169701
"AGCGTAGCGCTAGACC-1",0.000101657437429977,0.000547099369184603,0.0118242117534129,0.507021767693695,0.000121118862031025,0.055825464448168,0.424355365547255,0.00010165744441168,0.000101657444411687
"AGCTAGAAGCAGAAGT-1",0.000151034669797459,0.000151034675470217,0.0970500069425994,0.0383443547728434,0.000151034675472637,0.000151034675470219,0.447350020744804,0.416451722827447,0.000199756016096165
"AGCTCCTTCGCACATC-1",9.90598991345111e-05,0.05097497938155,0.510670909387411,0.0874778645970974,9.90599004806572e-05,9.90599018537482e-05,0.145390053938871,0.0680042073944332,0.137184805599169
"AGCTCTAGACGTTCCA-1",4.76788205449768e-05,4.7678822783651e-05,4.76788227841076e-05,4.76788228350536e-05,4.76788227543592e-05,4.76788227958671e-05,0.665164619474815,0.21999153072066,0.114557776870028
"AGCTCTTCCCAGTGCA-1",0.000204302235596064,0.353145354939823,0.250599435795737,0.342619312313104,0.00356556578743861,0.0414054338004275,0.00020430223420075,0.00805199065947285,0.000204302234200749
"AGCTGAAGTAAACCAA-1",9.51951445035616e-05,0.0521086381309072,0.477828142665248,0.136413129781612,9.5195151069179e-05,0.00726584856003559,0.207267134298403,0.0666349286298526,0.0522917876383685
"AGGAAAGCCTCTGATG-1",4.96160285509142e-05,4.96160285546998e-05,4.96160285620919e-05,4.96160285572463e-05,0.00144139227804074,4.9616028552194e-05,0.369360566238047,0.59363056238962,0.0353193989515151
"AGGAGGCCTTCGCGCG-1",6.82710971892473e-05,6.82710974347861e-05,0.095671610533901,0.0509043329807376,6.82710960943784e-05,6.8271097434778e-05,0.659579477250548,0.170681637910894,0.0228898569357659
"AGGCAAAGAGGAATCA-1",0.00943183735673801,0.0337237400850536,0.0371052856518409,0.362751794369373,0.00292124912754148,0.0378826753352159,0.514567945081922,0.00148180156670797,0.000133671425607438
"AGGCATTGTCGTAGGG-1",4.84777001141261e-05,4.84777001286809e-05,4.84777001192818e-05,0.00763906005155107,4.84777001064328e-05,4.84777001359377e-05,0.991825042299847,6.19965376433299e-05,0.000231512610354455
"AGGCCCAGTGACTGGT-1",0.00466556573428983,0.00519426748158131,7.11283060149675e-05,0.0115482675210684,7.11283052516621e-05,7.11283059892512e-05,0.967663540934505,0.000199145919783927,0.0105158274915159
"AGGCCCATTGTACAGG-1",0.00109610719901497,0.0305673597374261,6.5676363969347e-05,0.0858817177296123,0.0120136631099539,0.0173504008991547,0.852699426828309,6.56763639628801e-05,0.000259971768597025
"AGGCTATGGTTAGCTT-1",3.55111071424949e-05,3.55111074274398e-05,3.55111074302049e-05,3.55111073637497e-05,3.55111074244293e-05,3.55111074568973e-05,0.350433110188703,0.568752995237786,0.0806008279292661
"AGGCTTGCTAGACACC-1",6.74792004637171e-05,0.100735261094464,0.62203653519076,0.151617923918537,0.0198605148919668,6.74792004997809e-05,0.000341841847558353,0.0977026688040509,0.00757029585169964
"AGGGACCGGCTGCGTT-1",7.12200653947453e-05,7.12200604291175e-05,7.12200604237745e-05,7.12200605658745e-05,7.12200632424905e-05,7.12200604051064e-05,0.469812867408371,0.364392815714334,0.165366996506834
"AGGGAGACATACTTCG-1",6.56413679209154e-05,0.0178928082563221,0.809396907618226,0.172017830840477,6.56413680305549e-05,6.5641367912111e-05,6.66767816481063e-05,0.000247714068823333,0.000181138330639824
"AGGTATAATTGATAGT-1",6.75130021806576e-05,0.00635932931458839,6.75130036696728e-05,6.75130036742e-05,6.75130038015836e-05,6.75130036601496e-05,0.698340297313896,0.191131860046799,0.103830948307731
"AGGTCGCCACTTCGGT-1",7.59787798900487e-05,7.59787720489757e-05,0.0612874233761996,0.583670799076874,7.59787739593052e-05,0.0112927611507487,0.343369122526182,7.5978772048955e-05,7.5978772048973e-05
"AGGTCGCGGAGTTACT-1",2.48165393087983e-05,2.48165415748297e-05,2.4816539723162e-05,2.48165417000164e-05,2.48165418067362e-05,2.48165416856401e-05,0.0751797489855363,0.857310277685935,0.0673610740827298
"AGGTTACACCATGCCG-1",0.000209910647181437,0.000209910647090756,0.265862543825903,0.0813768134186133,0.000209910647092002,0.00126611495877384,0.403057801715461,0.247570730313483,0.000236263826401635
"AGGTTGAGGCACGCTT-1",0.000141986458069601,0.000141986458074974,0.368958754913112,0.248597572976982,0.000141986458719108,0.000141986458074974,0.2857518936665,0.0959429128171792,0.000180919793287789
"AGTAATGTCTTGCCGC-1",4.52392156639957e-05,0.00135274986113697,4.5239215706979e-05,4.52392157137041e-05,0.000413700586719643,4.52392156841823e-05,0.700323793434996,0.225209518598889,0.0725192806554889
"AGTACATCATTTATCA-1",3.55074041303847e-05,0.00406248520993002,0.131794130715136,0.0182899918538691,0.00156389894218441,3.55074068776187e-05,0.225365523288109,0.602316810822226,0.0165361443575366
"AGTACGGGCACCTGGC-1",7.02365618890588e-05,0.000207551228449373,7.02365632737228e-05,7.02365632972322e-05,7.02365633207482e-05,7.0236563284621e-05,0.272292857010403,0.581226400151305,0.145922008794777
"AGTATAATACTAGGCA-1",5.09472912440507e-05,0.00385672404403853,5.0947291270048e-05,5.09472912838879e-05,5.09472912862341e-05,5.09472913014929e-05,0.539410073130483,0.405865013771078,0.0506134525980153
"AGTATCCATAATAACG-1",0.000104583555936498,0.00871108025118768,0.0116152819550049,0.611199754240456,0.00010458355622997,0.00139348039261297,0.36666206893607,0.000104583556250664,0.000104583556250661
"AGTCAAGATGACACTT-1",6.5960919688291e-05,0.0190928212130924,6.59609205308051e-05,0.0156399392989163,6.59609205206426e-05,6.59609205234028e-05,0.964771664785489,6.5960920522508e-05,0.000165770100717019
"AGTCACTAGCTCTCGA-1",0.000138307892379072,0.464243211064729,0.369043842677245,0.11062609899691,0.00589508512488594,0.0496385305544309,0.000138307896473427,0.000138307896473425,0.000138307896473426
"AGTCCAGCGGGTACGT-1",0.000101378576141728,0.0125416536453411,0.00920221209456881,0.0736036451620509,0.0038889197683263,0.000101378576161971,0.900202773413082,0.000164712856559221,0.000193325907768385
"AGTCGGCCCAAACGAC-1",7.41501134316716e-05,7.41501176641705e-05,7.41501176469154e-05,7.41501179382052e-05,7.41501176522537e-05,7.41501176854286e-05,0.521076621654897,0.398498080865114,0.0799803967779702
"AGTCGGTTGCGTGAGA-1",3.40288850711472e-05,3.40288871028221e-05,3.40288870983382e-05,3.40288871063757e-05,3.40288871012829e-05,3.40288871038002e-05,0.202062750191529,0.714790629359035,0.0829424471288524
"AGTCTAAAGTATACTC-1",6.7361892580447e-05,0.0214765343376206,0.827404567005582,0.118619740655993,6.73618925874719e-05,6.7361892587462e-05,0.000139218548213176,0.0319702015326552,0.000187652242181413
"AGTCTGGACATCCTTG-1",6.6726784687813e-05,6.67267846518118e-05,6.67267846623089e-05,0.00346628028645746,6.67267846522036e-05,6.67267846518122e-05,0.897661442374949,0.000114710064323646,0.0984239333509643
"AGTGAGCCTCGCCGCC-1",6.3565273210303e-05,0.113349389343236,0.0061439692186156,0.0128397206360671,6.3565275154461e-05,0.00917764009919921,0.782904695942026,0.00644636738277855,0.0690110868297128
"AGTGCACGCTTAAGAA-1",2.45239211555134e-05,0.000191102485451714,0.00323812504743492,0.00748187813168201,2.4523923357238e-05,2.4523923362956e-05,0.351840218114555,0.578952138257096,0.0582229661959049
"AGTGTGCTAAGATCGC-1",0.000155188210574921,0.0438847133171556,0.425192663727568,0.111312583451838,0.0377101126787186,0.000155188199123267,0.168969341489948,0.212447290139516,0.000172918785558417
"AGTGTGGTCTATTGTG-1",6.85925223464231e-05,0.00028599445422037,0.000442743341530591,0.00510306782603396,6.85925224037974e-05,6.85925223927191e-05,0.993742570066615,7.56424059639405e-05,0.000144204338493651
"AGTTCTGCGTTGTATC-1",0.000100031721247569,0.0141483486306362,0.000115633825104587,0.452809491940612,0.00162797639207257,0.000100031721319335,0.530898422326369,0.000100031721319337,0.000100031721319329
"AGTTGCTGACTGATAT-1",9.44085812794268e-05,0.0278223538700534,9.440858130674e-05,0.008636943732343,9.44085813067173e-05,9.4408581306739e-05,0.915137309652423,0.0362288531910319,0.0117969052289492
"AGTTTCGCAGGTCGGA-1",0.0116957453663805,0.0476947700624863,6.5037416623113e-05,0.135016574749733,0.0127337933209003,0.0184214587660495,0.761303929638261,0.000102485761237483,0.0129662049183293
"AGTTTGGCACGGGTTG-1",4.78075223997077e-05,4.78075217726223e-05,4.78075217684056e-05,0.00650346946947799,4.78075217666966e-05,4.78075217993668e-05,0.993108002947041,4.78075217726068e-05,0.000101682452201377
