"","B_cells","Endothelial_cells","Fibroblasts","Macrophages_and_MDSCs","Mast_cells","NK_and_T_cells","SMCs_Fibroblasts_Hybrids","SMCs_maintype","SMCs_subtype"
"AAACAAGTATCTCCCA-1",2.30119178027575e-05,2.30119178954406e-05,2.30119179619031e-05,2.30119178808699e-05,2.30119178829523e-05,2.30119178954417e-05,0.301213735019797,0.657907357951674,0.0407408355212098
"AAACAGCTTTCAGAAG-1",0.133176497045089,0.327035936015503,0.282790337863874,0.0873872185746058,0.0100063675032853,0.000338537091760653,0.000338537091760654,0.1373630631885,0.021563505625622
"AAACCGGGTAGGTACC-1",0.121380741010836,0.0120483654035744,0.0509489606183255,0.0491345737723865,0.000141500916332334,0.00014150091666025,0.505289931166704,0.260737184604454,0.000177241590726376
"AAACCGTTCGTCCAGG-1",0.000137384615293303,0.00712265651061531,0.000137384614584454,0.00444990504592683,0.00283345137807006,0.000137384614584451,0.365639757049711,0.46165697892819,0.157885097243024
"AAACCTCATGAAGTTG-1",0.0965015095421287,0.0345601118202685,0.0172510215869261,0.0212972018962582,0.000145506155867234,0.000145506157377428,0.661660054922669,0.168232393683141,0.000206694235364383
"AAACTGCTGGCTCCAA-1",0.0224291861700708,0.0488382312520494,0.0528349924730264,0.0809998585905065,0.000133370292766392,0.00013337029276639,0.431258807931529,0.363181024486916,0.000191158510369063
"AAACTTGCAAACGTAT-1",0.0181527297846551,0.00431117821414098,6.75454961884438e-05,0.00190558448116081,6.7545496186408e-05,6.75454961879865e-05,0.521855671159911,0.369993065227546,0.0835791346440232
"AAAGACTGGGCGCTTT-1",0.0333560050773,0.00453126047728287,3.32637327207989e-07,0.484011682992362,0.00161298267559192,0.21022999939738,0.266257071468102,3.32637327171147e-07,3.32637327172009e-07
"AAAGGCTCTCGCGCCG-1",4.72402316781857e-05,0.0298803872441349,0.017821161311983,0.00113170440453168,4.72402316784128e-05,4.72402316780787e-05,0.302470531382014,0.562074536553865,0.0864799584084359
"AAAGGGATGTAGCAAG-1",0.00887541509632081,0.00792031370217912,6.55757307527117e-05,0.0512524152725275,6.55757307491769e-05,6.55757307487809e-05,0.796528632717764,0.132635037379882,0.00259145863907603
"AAAGTAGCATTGCTCA-1",0.211617962065048,0.264671224383571,0.274801900229015,0.0874380664665393,0.0518885479953084,0.00904059283025072,0.0010021759062636,0.0896893171526687,0.00985021297133444
"AAAGTCGACCCTCAGT-1",0.0276134669082323,0.00325992036463578,9.19182484324334e-05,0.010980686774657,9.19182484323476e-05,9.19182484324337e-05,0.890852530009658,0.0669033343231729,0.000114306874346707
"AAAGTGTGATTTATCT-1",0.0170967470479059,0.000145209652006474,0.000145209652006456,0.0792580815139281,0.000145209651968773,0.000145209652006472,0.678356969101188,0.224562154076983,0.000145209652006477
"AAAGTTGACTCCCGTA-1",0.0056068492158881,0.0500534849873365,0.000142898974529425,0.42858591958963,0.000142898974589902,0.0390150840957464,0.47610515578386,0.000184649089161412,0.000163059289257438
"AAATAAGGTAGTGCCC-1",0.0458799952931191,0.0476149377839502,0.595696920013665,0.168548329728977,0.0255860458094064,9.61700123739733e-05,0.000182533602454279,0.11629889774368,9.61700123739704e-05
"AAATACCTATAAGCAT-1",0.00451747690477113,9.22450264651488e-05,0.0373282185858054,0.476047768684912,9.22450264651483e-05,0.00189160893163491,0.242115711011692,0.236052103184968,0.00186262264328703
"AAATAGCTTAGACTTT-1",0.00927745052396036,0.0226981483284434,6.40198308688111e-05,0.00710601362192397,0.000974125225092889,0.00181885254422197,0.934985937285667,0.0228750298940708,0.0002004227457512
"AAATAGGGTGCTATTG-1",0.0130114167864219,0.191050165256286,0.174433049706045,0.0341179337808703,8.43346691074463e-05,0.00162618890216945,0.208855337462392,0.368613138163577,0.0082084352731305
"AAATCGTGTACCACAA-1",8.9453525708783e-05,0.0177994901396884,8.94535262058256e-05,0.0719404562113872,8.94535262058199e-05,8.94535262058327e-05,0.909647392289784,0.000131429538589557,0.000123417716224958
"AAATCTAGCCCTGCTA-1",0.0653413525902391,6.44685943041387e-05,6.44685943041351e-05,0.0213462742961028,6.44685935935361e-05,6.44685943041364e-05,0.51584180634833,0.314895712833884,0.0823169795549378
"AAATGCTCGTTACGTT-1",0.00339123137278151,0.0236469698876563,0.000100560065474508,0.0682856092845071,0.000100560065474509,0.000100560065474509,0.354940829605188,0.516490461672741,0.032943217980703
"AAATTAATAAGCGCGA-1",0.037069770097856,0.0419201456015661,0.00358474170937199,0.0423902018853379,0.00296284040222215,0.0239881605450252,0.501565434494433,0.346188941225946,0.000329764038242047
"AAATTACCTATCGATG-1",0.00159574403106973,0.0182937421061143,9.36461940868578e-05,0.0661309310117214,0.00454844795831681,0.0114258613850306,0.897709684752172,9.3646194138012e-05,0.000108296367350403
"AAATTCCAGGTCCAAA-1",0.0816342576345485,0.179269483812258,0.186622801661108,0.109422750741312,0.000277878187551561,0.000277878187551554,0.170513662218609,0.271703409369509,0.000277878187551551
"AAATTTGCGGGTGTGG-1",0.0759379863735426,0.0617854032161834,0.04061362878819,0.0423853336096485,0.00407882735836836,0.0027798049227793,0.620431357140594,0.12919962372544,0.0227880348652542
"AACACACGCTCGCCGC-1",0.00462189153280455,0.0304263327592642,9.27375558611121e-05,0.00438804754426118,9.27375557137058e-05,9.2737555861115e-05,0.640325179512134,0.185599119236148,0.134361216747953
"AACACGAGACGCGGCC-1",0.00215305418502174,4.82804739431348e-05,4.82804736807803e-05,4.82804739453496e-05,4.82804739343962e-05,4.8280473943405e-05,0.257065418517028,0.666830363522069,0.0737097614064341
"AACAGGTAGTATGGAT-1",0.190812231073811,0.169334961278826,0.215212565484376,0.0771384790869119,0.000303659922761746,0.0209100325543301,0.0493105534209068,0.261535940435346,0.0154415767427308
"AACATATCAACTGGTG-1",6.65547509495392e-05,0.0274725159224777,6.65547411644232e-05,0.0235332084379983,6.65547414080361e-05,6.65547414090016e-05,0.948580222503312,6.65547414069794e-05,8.12794198738465e-05
"AACCAAGACTTCTCTG-1",0.0751628032898545,0.125837902932441,0.000270254981919568,0.220564392303726,0.0172875886856451,0.0979098680168645,0.36852349470997,0.0634593873375891,0.0309843077419896
"AACCATGGGATCGCTA-1",0.00153184788880857,0.0143656522609635,0.000100013440865104,0.0628472180230436,0.000100013440865106,0.00569259283352933,0.588468710723463,0.322376351841917,0.00451759954654499
"AACCCAGAGACGGAGA-1",6.59747805507548e-05,0.0144907427707578,6.59747805557097e-05,0.0255715954056017,6.59747805557107e-05,6.59747805556726e-05,0.571579279246048,0.285353018975233,0.102741464480142
"AACCCTACTGTCAATA-1",0.0307815333422486,0.0353123356370921,0.000140589188060337,0.385963350096477,0.00141245001119856,0.000140589188060335,0.516484988825263,0.000140589188060335,0.02962357452354
"AACCGAGCTTGGTCAT-1",0.106603162883419,0.0311969032120242,9.34275600922839e-05,0.390058543629389,9.34275525356792e-05,0.00210119467256499,0.469664462773136,9.54501567528576e-05,9.34275600859519e-05
"AACCGCTAAGGGATGC-1",0.0193967729053703,0.102480744224902,0.000103201646953906,0.0652136638655226,9.52275384724279e-05,0.0286095985021928,0.673846150133092,0.110078727673256,0.000175913510238021
"AACCTGTCACGGAATT-1",0.0848238422170189,0.201163085030637,0.355431835505109,0.0855207812687901,0.000186687558683991,0.0138762411396048,0.000330161803718846,0.107358181599895,0.151309183876542
"AACCTTTAAATACGGT-1",3.27271307674425e-05,3.2727130719973e-05,0.0134904671844437,0.000491139083839359,0.00198399005376611,3.2727130719935e-05,0.146579588900579,0.70232306173355,0.135033571651615
"AACGATAGAAGGGCCG-1",8.90376219291218e-05,0.0866773275047732,0.287744821430339,0.0780944243906114,0.0135347720292782,8.90376219371029e-05,0.139354256617214,0.384360133167744,0.0100561896161735
"AACGATATGTCAACTG-1",0.0398290651644913,0.0547556082655609,0.000130353648770004,0.189377088278648,0.000130353646866577,0.0304280411397892,0.649203421399705,0.0360124133786252,0.000133655077544395
"AACGCGGTCTCCAGCC-1",0.0130563481519827,0.0223282696666448,6.5278271327519e-05,0.0201369997616629,6.5278271324907e-05,0.0100699803302177,0.483608780260236,0.341182122832854,0.109486942453749
"AACGCTGTTGCTGAAA-1",0.100985834537085,0.00027102054878661,0.00721382221685826,0.0556495247003045,0.000271020548725397,0.000271020548786612,0.608768136007721,0.125653107874744,0.100916513016988
"AACGGACGTACGTATA-1",9.33598763144319e-05,9.33598763990231e-05,9.33598763990224e-05,0.000677638293290521,0.00793207012309765,9.33598763990239e-05,0.803634074623198,0.124674732194062,0.0627080452608398
"AACGGCCATCTCCGGT-1",0.0477972154013913,0.084988624676737,0.0598731644054829,0.0217916782384942,0.00681846707775144,0.0222025356206726,0.476623487004467,0.279724193101162,0.000180634473841863
"AACGTACTGTGGGTAC-1",0.00642995836571965,0.0974126326672438,0.0622602624562609,0.0282568684881634,9.24221815237153e-05,9.24221815237159e-05,0.392472591435047,0.412829866117168,0.000152976107349789
"AACGTTATCAGCACCT-1",0.0792341936538179,0.0819381507106057,0.0746600527590162,0.195850252177574,0.000290886823698776,0.0235452233567499,0.373840340251446,0.170337799791814,0.000303100475277523
"AACTACCCGTTTGTCA-1",0.235931632480473,0.154606601140961,0.425791276227751,0.102668521450049,0.0494766983113101,0.0311881593329775,0.000112370352160742,0.000112370352156608,0.000112370352160722
"AACTAGGCTTGGGTGT-1",6.86783821884566e-05,0.00699274533254675,0.00247412169239738,0.00662756033311561,0.00567668418032494,6.8678382038016e-05,0.334042781928092,0.613012652113428,0.0310360976558689
"AACTCAAGTTAATTGC-1",0.0167728335316895,0.00442765565919348,8.25463843594625e-05,0.0403101126456961,8.25463842441692e-05,0.00316028172415005,0.797632541488611,0.120568182972461,0.0169632992095956
"AACTCGATGGCGCAGT-1",0.00787427753752268,0.0796650774561047,0.0532402335034178,0.0791814714512599,0.0317777782393693,8.68086494742212e-05,0.376685749311146,0.307595521827791,0.0638930820239144
"AACTCTCAGTGTGCTC-1",6.82030759841713e-05,6.82030754818871e-05,0.00254273618709285,0.0133426355516386,0.00204842425721187,6.82030754779352e-05,0.152047977553508,0.75592637037668,0.0738872468469253
"AACTGGGTCCCGACGT-1",2.27111986407145e-05,0.0405665942565934,0.00806750758687457,0.0123003065280604,0.00127345546530758,2.27111986503842e-05,0.306504090932195,0.578864165457514,0.0523784573761632
"AACTTCTGCGTCTATC-1",0.0137930099017868,0.00974874134636767,0.000138473384674479,0.128828751502279,0.00013847338467448,0.0185561103592177,0.431542539072792,0.397047958744776,0.000205942303431799
"AACTTGCGTTCTCGCG-1",0.0107370050221423,0.0583936707397828,0.000143285197207055,0.0626622462065341,0.00499918729900392,0.00763670477872597,0.448162989809665,0.406937949056116,0.000326961890822625
"AACTTTACGGGAGCTT-1",0.0173849777966955,0.00557759396555197,9.103747254624e-05,0.0464817134019166,0.0029998930233283,0.00861960455296311,0.729640788103324,0.133633975795966,0.0555704158877087
"AAGAAGGATCAGTTAG-1",0.00168145809257622,0.0330897294146546,0.000147655973045401,0.0391512864043848,0.0174021077372527,0.00551161509026888,0.464293806720107,0.438515897958729,0.000206442608980791
"AAGAGGATGTACGCGA-1",0.120134794212346,0.0555796367624091,0.0451967029277157,0.10126328490546,0.000207876301142894,0.000207876299834462,0.537260842974597,0.139884445211144,0.000264540405351209
"AAGAGGCATGGATCGC-1",0.0651433084124016,0.020293069376907,0.0154487186883045,0.174701338578144,0.000129312378658522,0.020749603072397,0.644890307103329,0.0585150300100547,0.000129312379804132
"AAGATTGGCGGAACGT-1",0.0513826310538629,0.0292324549534481,6.60604104408629e-05,0.675297907034915,0.00320641961692333,0.00346660086348358,0.237215805246045,6.60604104404478e-05,6.60604104404499e-05
"AAGCACCCTGCGTATC-1",0.00765179865500887,8.70241937563094e-05,0.838689595085185,0.138918516723952,6.81009449909615e-05,6.81009450033492e-05,6.8100945001398e-05,0.014329706109027,0.000119056398074266
"AAGCATACTCTCCTGA-1",9.39412652111902e-05,9.39412654057518e-05,0.0037141646392964,0.0096193422991952,9.39412654063892e-05,9.39412654057519e-05,0.418906690185355,0.412614423196413,0.154769614618311
"AAGCCGAAGCGGTTTA-1",0.0156701499206559,0.311232442707051,0.113610454682448,0.060601910679558,0.0185836093659988,0.0226734982870635,0.033883279622097,0.383949948631205,0.0397947061039239
"AAGCTAGATCGAGTAA-1",0.00511594452921226,0.0434705710353348,0.0317891908838321,0.0290837311369789,0.00905220230799437,6.5172494980683e-05,0.35345149220062,0.484268006766333,0.0437036886447136
"AAGCTCTTTCATGGTG-1",0.000128554199785158,0.352316234750488,0.224423761360743,0.148444069102737,0.000128554199845088,0.01028425836627,0.000128554199789844,0.219936720364633,0.0442092934557087
"AAGGATCGATCGCTTG-1",0.00260068704637727,3.13653659651181e-05,3.13653659651269e-05,3.13653659620074e-05,3.13653659742882e-05,3.13653659651254e-05,0.316203263902122,0.676345663960653,0.0046935582610157
"AAGGATGAGGGACCTC-1",0.118535903681208,0.00709012335395429,6.38399533247377e-05,0.667863745420471,8.14409622084271e-05,0.0255373196454185,0.180699947076767,6.38399533237661e-05,6.38399533237786e-05
"AAGGCAGGCTGTCTCC-1",0.239108284870794,0.122254404394659,0.282833193136564,0.149773826501135,7.96880504613486e-06,0.114121596884455,7.96880290933489e-06,0.0312542917459431,0.0606384648584944
"AAGGGACAGATTCTGT-1",0.0149418441204572,0.037017619269732,0.000131583941506726,0.239314765421675,0.00270488916944192,0.000131583941506728,0.705494546252666,0.000131583941506739,0.000131583941506727
"AAGGTATCCTAATATA-1",0.124800759388077,0.0023671183190994,0.000142333519292361,0.451964909502474,0.000142333519292345,0.0163185800762553,0.402186703326146,0.000142333519292345,0.00193492883007067
"AAGGTGATAAACCAGC-1",0.0178176174760023,0.0142753088495748,0.000147263968788087,0.271482924657103,0.00014726396884117,0.000147263968788086,0.695687829173326,0.000147263968788144,0.000147263968788042
"AAGTAGAAGACCGGGT-1",6.67826512562218e-05,6.67826518797453e-05,6.67826518764045e-05,6.67826518738996e-05,6.67826518430436e-05,6.6782651858963e-05,0.511784627849437,0.394752212760196,0.0930624634797787
"AAGTAGTGACGCGAGG-1",0.0275520113813716,0.0181195512650442,8.60171859931839e-05,0.154547316183519,8.60171859931665e-05,0.0289203231333848,0.70944812347273,0.0611398637209921,0.000100776470971712
"AAGTCAATTGTCGTCA-1",0.00494921162082814,0.0127672275167435,6.27180842702776e-05,0.00135138819805558,0.00920582215399934,6.27180842699145e-05,0.934496035736449,6.61403607651026e-05,0.0370387382446196
"AAGTCTTCTGTGGCCT-1",0.18904474592693,0.14679426318325,0.132084131799736,0.122450268054653,0.000346322944403173,0.00211872692314605,0.192622528509465,0.183440690362874,0.0310983222955432
"AAGTGACGACCGAATT-1",0.11072125246761,0.0387658814579208,0.0671594522527976,0.0151077922154359,0.000151420083466306,0.000151420084419373,0.566857668195106,0.19585565210586,0.0052294611373834
"AAGTGCAAAGGTAGAC-1",0.0350175957376859,0.0348565463213337,0.000144200125727613,0.353800089179231,0.000144200125727614,0.0702267909636729,0.505522177295166,0.000144200125727615,0.000144200125727616
"AAGTGCCTTGACTGTA-1",0.0124222121639658,0.0393939625286153,9.21116500075023e-05,0.00606339802042145,9.21116500074784e-05,9.21116500075008e-05,0.790602729785931,0.150945182006372,0.000296180544671929
"AAGTGCGTTAGAATCT-1",3.29681174044338e-05,3.29681173714671e-05,3.29681173717715e-05,3.29681173676106e-05,3.2968117358965e-05,3.29681173751519e-05,0.227210205787141,0.723335194754734,0.0492567907538762
"AAGTGTTTGGAGACGG-1",0.0144785484988728,0.175601030993275,0.144004176515627,0.0422012383128533,0.016394130065638,0.000189283043539234,0.370884565055399,0.235991746019511,0.00025528149528475
"AAGTTCACTCCAAGCT-1",5.93142093243655e-05,0.701598515632177,0.0996498787459078,5.93142074060882e-05,5.93142079472957e-05,5.93142078150075e-05,0.00307979118214731,0.195372851273375,6.17063339005369e-05
"AAGTTCGGCCAACAGG-1",0.0645746005320455,0.0441670133689214,0.0578196943480479,0.0632626450694224,9.17435398634998e-05,9.17435385540211e-05,0.769724216097227,0.000153314130418854,0.000115029375499195
"AATAACAACGCTCGGC-1",0.0442787958497694,0.0090647053226139,0.000128548485296923,0.169931281211414,0.00012854848529692,0.000128548485296923,0.632739293562626,0.131628625803676,0.0119716527940106
"AATAACACTAGAACAA-1",9.43837497686771e-05,9.43837649008669e-05,9.43837649008666e-05,0.000482204607099375,9.43837649008619e-05,9.4383764900441e-05,0.426159043158077,0.533634740037219,0.0392520933882335
"AATAATCTTCGTATCG-1",0.172347206415321,0.000304925153811276,0.275902234573372,0.0659336685550181,0.220327464359793,0.000304925154024176,0.000304925154024193,0.184027113669518,0.0805475369651194
"AATAGAACAGAGTGGC-1",9.52197177389317e-05,9.52197215172664e-05,9.52197215172665e-05,9.52197215092829e-05,9.52197215148919e-05,9.52197215172665e-05,0.731499719285064,0.190939510459516,0.0769894519301048
"AATAGAATCTGTTTCA-1",0.0242352866491179,0.17806442573371,0.0815437589533054,0.190047745722167,0.000198209812143464,0.0223392902693202,0.388339995039011,0.115033078008424,0.000198209812800984
"AATAGTCGCGAGTCGG-1",0.0938404280094264,0.0431568897995146,0.049192227267124,0.224502831789143,0.00020366909063554,0.066472016874159,0.4486231077983,0.0738051602810621,0.000203669090635549
"AATATCGAATCAATGC-1",0.129776823825215,0.350955772579414,0.203330090721642,0.11845512255468,0.000513868988355582,0.0550368293558546,0.000513868988355582,0.0707060938342258,0.0707115291522568
"AATATCGAGGGTTCTC-1",6.65118558200853e-05,6.6511855642265e-05,6.65118553909299e-05,0.00950424375437396,6.65118556393166e-05,6.65118556422637e-05,0.685360641752074,0.244676107533483,0.0601264476819336
"AATATTGGAGTATTGA-1",0.126977951309292,0.110246404831092,0.0723869524105344,0.0596678864326159,0.00020502869820987,0.00020502869788316,0.409066662450663,0.221039056471827,0.000205028697883177
"AATCATGTAAAGACTC-1",0.0617266327145384,0.0437283499310212,0.144619813849454,0.0243749891187621,0.0001325505292621,0.0435299647256733,0.510685234872193,0.115290880909614,0.0559115833494813
"AATCCAAGGGCCTGAG-1",8.60215886637918e-05,0.487039234228625,0.236705660446113,0.0109327799924893,0.0157260605700889,8.60215886821687e-05,8.60215886821753e-05,0.235005544239611,0.0143326557570447
"AATCGCCTCAGCGCCA-1",0.0234783764014076,9.09184372048234e-05,9.0918437204824e-05,0.147074941774411,9.09184372048236e-05,9.09184372048238e-05,0.823437516635825,0.00552924968405523,0.000116241755482418
"AATCGCGCAGAGGACT-1",0.0889026306790466,0.1592571210008,0.142444440390835,0.179879385430577,0.0127433836341605,0.000199833591797145,0.12504724185938,0.242996895394032,0.0485290680193719
"AATCTATGCCGGAGCC-1",0.0130503488977878,9.8349701466329e-05,0.00180132752890502,0.0881511136851605,9.83497013560367e-05,9.83497014663395e-05,0.619691511722451,0.276642572986069,0.000368076075337863
"AATCTCTACTGTGGTT-1",7.03332042857914e-05,7.0333204652339e-05,7.03332031659016e-05,7.03332048946713e-05,7.03332046411587e-05,7.03332046460762e-05,0.16433489180913,0.723481107291545,0.11176200167304
"AATGACAGCAATGTCT-1",0.0212763368216102,0.00299425227591419,6.7568922163135e-05,0.00282483708593084,6.75689221635579e-05,6.75689221631346e-05,0.567952566658196,0.371291496848147,0.0334578035437118
"AATGACGTAGGATGTC-1",0.0337333236398432,0.00238504536038711,0.0157874023814452,0.204503118290461,0.000129889752571847,0.0331147386209544,0.645392603603909,0.00957903119612113,0.0553748471543069
"AATGACTGTCAGCCGG-1",0.00328636472508751,0.133948479316196,0.00012776624500763,0.187259362283204,0.000127766245007631,0.106487074395849,0.538413284826175,0.0299769559891624,0.000372945974310462
"AATGAGTTCGCATATG-1",0.000662779379055415,9.70328165199334e-05,0.0118276175876208,0.0713348847443491,9.70328165606148e-05,9.70328165199337e-05,0.440599607232239,0.345589680491609,0.129694332115527
"AATGATGATACGCTAT-1",0.000103521007806273,0.000103521007391997,0.000103521007399868,0.0774077206361569,0.00196755756819207,0.000103521007391994,0.59808809630819,0.289315547832496,0.0328069936249743
"AATGATGCGACTCCTG-1",6.84508252557042e-05,6.84508258198048e-05,7.60917283787597e-05,0.010804789806028,6.84508258243839e-05,6.8450825819804e-05,0.405008991546473,0.535619378717669,0.0482169448987319
"AATGCAACCGGGTACC-1",0.0119659923412499,0.0183781174110275,9.15466347973026e-05,0.292756531911744,9.15466347310428e-05,9.15466347972996e-05,0.616435470178932,0.000231383618787333,0.0599578646339336
"AATGCACCAAGCAATG-1",0.0176564038424402,0.000125691134151909,0.102695279084633,0.186901081174289,0.0641241274053069,0.000125691134151908,0.381332028563882,0.189745927372852,0.0572937702882923
"AATGGTCCACCGTTCA-1",0.0482945985506387,0.0187167219939449,4.46339030762414e-07,0.494761764018836,6.50029877448867e-05,0.194303977912616,0.243856595519128,4.46339030762851e-07,4.46339030757536e-07
"AATGGTTCTCACAAGC-1",8.94681822254835e-05,0.0146458375289852,8.94681927348258e-05,0.246961278153216,0.0236129787286908,0.0318893784970475,0.653252195396486,0.0293565346330093,0.000102860687604401
"AATTAAAGGTCGGCGT-1",0.0199965250651353,0.0724886830056151,0.00766457639585273,0.235418515522374,0.000133109423256559,0.000626139085538657,0.585188310953561,0.0783366252896528,0.000147515259013982
"AATTAACGGATTTCCA-1",0.029454433293345,0.0379826731291087,0.864794487114751,0.0449625896880138,0.0224302268630674,9.09078497126139e-05,9.09078497126016e-05,9.09078497126181e-05,0.000102866362576371
"AATTAGCGCTGCAGCG-1",0.0151619722542731,0.0231677882691765,0.023263316409345,0.0753279628733782,0.00013021154051008,0.000130211540733735,0.428070450405157,0.227302150775843,0.207445935931584
"AATTCATAAGGGATCT-1",6.91279448385547e-05,6.91279448609031e-05,6.91279449952741e-05,0.0229621605169435,6.91279448606145e-05,6.91279448609035e-05,0.654335364499,0.322237476894298,0.000119358365341889
"AATTCTAGAGTTAGGC-1",0.00154829127454549,0.0827559663360174,0.082539370656102,0.0350042421471165,0.0146539690032407,5.93431919170295e-05,0.243650579773699,0.474308062953791,0.0654801746635702
"AATTGAACGCTCTGGT-1",0.0425154646984016,0.0588380707257054,0.0809481398916385,0.330541305573031,0.000131585918984314,0.000131585918959488,0.486630675435361,0.000131585918959483,0.000131585918959506
"AATTTGGTTCCAAAGA-1",0.00354244560507169,0.00861989936180304,0.70248336106899,0.142494933647272,4.82533642150755e-05,4.82533643588834e-05,7.53100800491491e-05,0.0411674612067022,0.101520082301538
"ACAAATCGCACCGAAT-1",0.0028565177693744,0.0217720458410622,0.00906940201761721,0.0164216820188771,8.99238428462707e-05,8.99238428450407e-05,0.949418074116858,0.00010327458987573,0.000179155960644448
"ACAAATGGTAGTGTTT-1",0.054975509732636,0.0218879340194004,0.0242351725570812,0.341914936346663,5.42077309601534e-05,0.0375655451232257,0.519205046621716,5.4207731331427e-05,0.00010744013698642
"ACAAGCTATATGGAAG-1",0.128854875538866,0.129306072190415,0.13734055785758,0.0413812379277562,0.00032530228101058,0.00939084509967091,0.120317617866978,0.366638797234786,0.0664446940029369
"ACAAGGAAATCCGCCC-1",0.00955559635077737,0.0900391744560584,0.104175254238907,0.0252074557668943,0.0176473610663323,9.086596213554e-05,0.307557319237157,0.432256253110486,0.0134707198112523
"ACAAGGGCAGGCTCTG-1",0.0295154002488936,0.019996716371805,0.00488730624070924,0.134445046968234,0.000130013292135159,0.00880671609672928,0.724546847142743,0.0775419403457969,0.000130013292954241
"ACAATAGTCGTACGTT-1",0.0518559638891078,0.0267874700027389,9.46849946604916e-05,0.00675971093679735,9.46849946618838e-05,9.46849946604907e-05,0.871189516470295,0.0428672886376511,0.000255995079426389
"ACAATCCATTTAAACC-1",0.0426809399651536,0.0171692273575994,0.000128305499425808,0.0721873054328351,0.00974708093916771,0.000128305499425808,0.639168585112544,0.218547422171969,0.00024282802187904
"ACAATTGTGTCTCTTT-1",0.00686140683634438,0.0296605852980516,6.6700287905498e-05,0.00629433387420734,6.67002879058423e-05,6.67002879054929e-05,0.276579686262618,0.680272490016107,0.00013139684895456
"ACAATTTAGGAGGCTC-1",0.0322312241596482,0.0549623849758706,0.00636612938182265,0.0984428238693735,0.000189046025187263,0.0810596989392001,0.662426714742792,0.0641248317303734,0.000197146175732027
"ACACAAAGACGGGTGG-1",6.4152528092063e-05,0.00301217094449754,6.41525282834313e-05,0.426160427206988,0.00391793614921902,0.0199219419727876,0.546641715755389,6.41525281338807e-05,0.000153350386608723
"ACACACCAGGACCAGT-1",0.0346231215200695,0.000145338814972788,0.0124116107189774,0.463232179967597,0.000145338814953539,0.000145338814972789,0.429162089672107,0.0599896428613768,0.000145338814972786
"ACACCCGAGAAATCCG-1",4.69043660886043e-05,0.0450209273990561,4.69043660322318e-05,0.033390245087775,4.69043659991435e-05,4.69043659991414e-05,0.748156903752185,0.0701864761745069,0.103057830122358
"ACACCTTACTACTTGC-1",0.0308809167419722,0.0309260626662295,0.019784872924783,0.0161552211818969,4.71141260274825e-05,4.71141260311714e-05,0.273075724083304,0.6289583314631,0.000124642686654907
"ACACTCCAATGTCACT-1",0.0139221924651528,0.011963074400153,0.000141596872171803,0.0881711502314138,0.000141596872171836,0.00793937052773397,0.474822640730354,0.325611136964521,0.0772872409363277
"ACACTGATCAAGGTGT-1",9.56078690624569e-05,9.56078693086863e-05,9.56078693086862e-05,0.00117813180042393,0.00208546403705907,9.56078693086539e-05,0.557147315394489,0.347623373277313,0.0915832840137273
"ACAGGCTTGCCCGACT-1",0.0252860768598615,0.323507200817235,0.147152653218134,0.0747796255621396,0.000266172987883375,0.0276257813481766,0.157885370593703,0.121634997027761,0.121862121585106
"ACAGGTGGAGGTGAGG-1",6.51979635530375e-05,6.51979606159036e-05,6.51979606159023e-05,6.51979606040641e-05,6.51979606158937e-05,6.51979606159022e-05,0.208487186815836,0.619503881185034,0.17161774423251
"ACAGTAATACAACTTG-1",0.204015397369856,0.206394061718693,0.337466874299177,0.145200592608145,0.00372625858779733,0.00946580900575971,0.000957656607651273,0.0352665096632801,0.0575068401396411
"ACATAATAAGGCGGTG-1",0.000616861594176235,0.0149493558849358,3.33867510246249e-05,0.00847400793769208,0.00197914908399831,3.33867510208953e-05,0.267380053378848,0.603659139075224,0.10287465954308
"ACATCAGCTGGGACGC-1",0.0472082084788986,0.0623147488853937,0.0267924906198182,0.121508613542133,0.0144537852235942,0.047288059533315,0.485491926514965,0.194645277526262,0.000296889675621116
"ACATCCCGGCCATACG-1",3.29862491957982e-05,0.00959229962057637,0.011402097004263,0.00252035439551816,0.00272264152609518,3.29862490885808e-05,0.247660827841832,0.660666875376255,0.0653689317371761
"ACATCCTGGTAACTGT-1",0.0415530312196887,0.0541055135291672,0.00849484151988536,0.0280443566193537,9.07224896815305e-05,0.0164036551778801,0.771575067171966,0.0796269468743777,0.000105865397999881
"ACATCGATCGTTTACC-1",0.000385794966121613,0.0223692655363289,0.0400562964122609,0.274017790895001,0.000190642021954046,0.0534659096097521,0.368262765145543,0.241060893391186,0.000190642021852164
"ACATCGGTCAGCCGCG-1",0.0389211722107053,0.000139053664793462,0.000139053664793462,0.462340120760265,0.000139053664857275,0.000139053664793432,0.456072156380872,0.0149093858206301,0.0272009501682899
"ACATCGTATGCAATGG-1",0.0209832684187014,0.0236571511976093,0.0405571101754644,0.358791398260655,0.000129844394854514,0.022409900784208,0.47562058384816,0.0418835649236509,0.0159671779966973
"ACATGGCGCCAAAGTA-1",0.0384852697825564,0.0406821100953189,8.81389833490162e-05,0.0520625393454273,8.81389833489547e-05,8.81389833490147e-05,0.868318817346795,9.54684895387478e-05,9.13779903169783e-05
"ACATTAGTTTATATCC-1",0.00341730819560046,0.030809215268128,9.45165172653307e-05,0.0830603926314343,9.45165172653302e-05,0.00485520907832536,0.680802600168533,0.196622233341192,0.000244008282256088
"ACCAACGCTTATTTAT-1",9.39960866866055e-05,9.39960880879756e-05,9.39960880877286e-05,0.00444861841473751,9.39960880886908e-05,9.39960880879737e-05,0.289157921599948,0.541530074176954,0.164393405369321
"ACCAAGAACGCGTGTC-1",0.000426442092853636,0.00424086193831824,4.68400650250141e-05,0.00301769825636923,0.00106621533759864,4.68400650507044e-05,0.332940123967152,0.521371530028757,0.136843448248876
"ACCAATATGCAAGTTA-1",0.00906440002691856,0.16393652530744,0.117299741227721,0.0503427131604572,0.000134801239581389,0.000134801239581384,0.188298947358632,0.470653269200087,0.000134801239581399
"ACCACCAATGTAACAA-1",0.0176630649942854,0.02555500123858,0.00560368331052267,0.00613734086824027,6.53647710256395e-05,6.53647710259067e-05,0.781507490484201,0.129981401004383,0.033421288557737
"ACCACGTGCAGCTATA-1",0.00857408073968819,5.73843652717593e-05,0.0855314810148981,0.0286706289123272,5.7384365271785e-05,5.73843653072103e-05,0.876936887506692,5.73843652717545e-05,5.73843652717737e-05
"ACCAGACCATAACAAC-1",0.079210520524317,0.0850593340441997,0.068814992045121,0.062558705934854,0.00258866803918269,0.00667954125775552,0.296567953247777,0.37333367971129,0.0251866051955034
"ACCAGTGCGGGAGACG-1",0.00443561628387033,6.68402775396926e-05,6.68402775396935e-05,6.684027753969e-05,6.68402773559467e-05,0.00387766458899306,0.991218872651717,8.22235072901962e-05,0.000118261858154297
"ACCATATCCGCAATAA-1",0.000131051968668443,0.00073473285465029,0.00013105196861777,0.321699283048062,0.000131051968671975,0.0573751078153629,0.536910389096972,0.0827428585863277,0.000144472692666281
"ACCATCCGCCAACTAG-1",0.205809350690414,0.17546780512103,0.23695171523423,0.0993420782863286,0.0123116517717166,0.000921624510228372,0.0383538082963516,0.213525298431367,0.0173166676583331
"ACCATCGTATATGGTA-1",0.0353269019266085,0.0266568604561783,0.000194049796454653,0.296203429583809,0.00705546249828174,0.0462186538184022,0.524018080428676,0.0592543942613571,0.00507216723023308
"ACCCAACGCCCGTGGC-1",0.199222284505212,0.011587197024572,0.0127570486270369,0.493803786534547,6.55005445136349e-05,0.012221593127984,0.270211588547108,6.55005445136341e-05,6.55005445136286e-05
"ACCCATCTTGAGGGTA-1",0.0390994462883493,0.0639197419171158,8.25600983412924e-05,0.10099947256782,8.25600983413105e-05,0.00883537909554546,0.719200950382346,0.0676803664648884,9.95230872520351e-05
"ACCCGGATGACGCATC-1",0.00263331549221308,0.025043377314547,0.00311070533880768,0.730487379676029,4.97944842921105e-05,0.0256311188951713,0.176810639159964,0.00177257913272254,0.0344610905062532
"ACCCGGTTACACTTCC-1",0.0222393247267143,0.0423556205499926,0.00687579704906833,0.113352768206853,6.19723953800506e-05,0.00267216212985911,0.717926428938808,0.0544663714615415,0.0400495545417833
"ACCCTATAGGACTGAG-1",0.0131502221679997,0.017574703845333,0.0115448130684544,0.0878874568986354,9.93227762578211e-05,9.93227761058267e-05,0.515808650262695,0.34756025756202,0.00627525064249888
"ACCCTCCCTTGCTATT-1",0.0189299583469179,0.000280287412898756,0.081085685470702,0.372244376274028,0.036671017542694,0.000211220022458311,0.235206658563719,0.255159576344124,0.00021122002245831
"ACCGCAATAACTGCCT-1",0.00343314292071855,0.0939435083442398,0.0341196899314323,0.0204374416634999,0.00520267649359276,0.0149849759947984,0.827688145329799,8.76002404240519e-05,0.000102819081495507
"ACCGCGGTGGAAGTCG-1",0.0267366186768554,0.019582271331558,0.0107773621058539,0.0168422110044508,9.01255289800105e-05,9.01255288052687e-05,0.377730742539032,0.547847189821027,0.000303353463438023
"ACCGGGCCTTTGTTGA-1",0.0138985009833123,0.0197351096844845,5.73885280219885e-05,0.0190214992526452,5.73885274211689e-05,5.73885280219856e-05,0.560086092457916,0.232452327955352,0.154634304082825
"ACCTAAGTACCTTTCA-1",0.00522941967538656,0.0113391034236987,0.000103756813276761,0.100430217313592,0.00501512942294296,0.00010375681336757,0.374349114351431,0.444473352215631,0.0589561499706729
"ACCTAATCGACTTCCT-1",0.0259947653067814,0.0943422370608107,0.000120639879718354,0.194202169145306,0.000120639878959278,0.037414180613536,0.571445290881585,0.0762394373535852,0.000120639879718353
"ACCTACAGTATGTGGT-1",0.0281705239322165,0.0340668686870391,0.0329432210840577,0.0949538323114629,0.005103259752416,0.00942718472200291,0.303826337317558,0.445863988484451,0.0456447837087968
"ACCTCCGTTATTCACC-1",0.0241792656968421,0.0898962788878201,0.0261392508171356,0.0630972992583669,0.000142204802832209,0.0126849530425639,0.385147486208419,0.398514254732041,0.000199006553979212
"ACGAAATGGGCGGCAC-1",0.0347095111083437,0.0211489594047967,0.000134688266399933,0.300402928264577,0.000134688266399937,0.0295708085482142,0.601902714019526,0.0118610138553424,0.000134688266399938
"ACGAGTACGGATGCCC-1",7.01771850675413e-05,0.0164831599073201,7.0177184849042e-05,0.0483824869855131,7.01771848490495e-05,7.01771848490495e-05,0.379138380938234,0.469126595034066,0.0865886683952515
"ACGATACATAGAACTA-1",0.0223769340452981,0.00579689449166417,7.38419813791479e-05,0.0648652038792143,7.38419806072458e-05,7.3841980607295e-05,0.645096327607403,0.219306724007787,0.0423363900260393
"ACGATACCTATCCTGA-1",0.0486111090121242,0.0734388764684589,0.0597093155052175,0.0310480659905831,0.000102391600538139,0.0228875456214289,0.357005183854178,0.407040998158131,0.000156513789340176
"ACGATCATACATAGAG-1",0.0746067355747046,0.060830773528701,2.33671719982661e-09,0.280269465639898,2.33671720195848e-09,0.0367765377930062,0.50990853431232,3.09311714131371e-09,0.0376079453848188
"ACGATCATCTTGTAAA-1",0.0226332984313983,0.0035981415472878,0.0135743063790563,0.536212259258187,0.000143181870397112,0.0143789533605371,0.32238816629424,0.0558640703015049,0.0312076225573921
"ACGATGCATATGTTAT-1",0.0650678175180956,0.000129032896105627,0.000989117414470424,0.127236543059431,0.000129032896105623,0.000129032896105621,0.642702135594149,0.163467475688036,0.000149812037502118
"ACGCCGCTAGACGACC-1",0.0091952848117688,0.0185607959001744,0.00734350013873136,0.132668979415517,8.95398022942764e-05,0.0391967686383839,0.63437520305937,0.158148147511953,0.000421780721807446
"ACGCGAAGTCAGACGA-1",0.00520926093862415,0.0447889968582885,0.0661313184366433,0.0322569880115999,8.71501899437903e-05,0.0259976132668342,0.46710546979456,0.358290903639511,0.000132298863995793
"ACGCGCTACACAGGGT-1",0.0979293381535896,0.0679825172000329,0.0630079587089556,0.0401010922296741,9.67806619410804e-05,9.67806619410768e-05,0.519759142793794,0.200114604775312,0.0109117848147596
"ACGCGTTTCTTAAGAG-1",0.038417995312599,0.0265235337248878,0.000196988193726638,0.166428573719501,0.00718586050926915,0.052850087308193,0.579503712075227,0.128648871510583,0.000244377646013517
"ACGCTAGTGATACACT-1",9.07984598076655e-05,0.00560680239183354,9.07984531287313e-05,0.0145636629924538,9.07984524165023e-05,0.00101139691016945,0.978341762194868,9.07984524159363e-05,0.000113181692906291
"ACGCTGTGAGGCGTAG-1",0.00513107328887084,0.00546984324801169,6.7118299853565e-05,6.71182998822201e-05,6.71182998559146e-05,6.71182998559171e-05,0.561237662911771,0.377590478403991,0.050302468947908
"ACGGAATTTAGCAAAT-1",0.00239518833368277,0.0137270572060288,9.45786539339691e-05,0.0592528549509948,9.45786539339693e-05,9.45786539339692e-05,0.38321324689919,0.433329810615743,0.107798106032559
"ACGGATGGTGCGGATA-1",0.0322036280480891,0.443678915967103,0.264216870656519,0.115467009691723,0.000134906877852058,0.000134906877866151,0.00013490687786614,0.143893948125116,0.000134906877866155
"ACGGCACTTGCTTGGG-1",6.16423939456341e-05,0.0467159405042341,6.16423939638997e-05,0.0174771181702723,0.00727491693604479,0.0333241174774952,0.598665032472009,0.157031242252943,0.139388347399092
"ACGGCCAACATGGACT-1",0.000135569925798994,0.00655321452757975,0.0113662170870698,0.00170118149079142,0.000135569927754316,0.000135569927753436,0.399588353632959,0.471815876454769,0.108568447025525
"ACGGCGACGATGGGAA-1",0.00292404009060342,0.0433000445680845,0.0522742913812495,0.207785963845809,0.0182056413987331,0.0362079566017495,0.335702507187363,0.303410102143291,0.000189452783117046
"ACGGGAGTGTCGGCCC-1",9.80889948031572e-05,9.80890217658732e-05,9.80890249527961e-05,9.80890214228135e-05,9.80890216264872e-05,9.80890217658762e-05,0.402514215207537,0.508551963450626,0.0883452872355002
"ACGGGTCATGTGACTT-1",0.0319882454653496,0.000137561927439235,0.00013756192743923,0.118885874157249,0.000137561927439228,0.0223722676997522,0.486615920955983,0.22175308238331,0.117971923556039
"ACGTACAGATTTCTCT-1",0.00645074647394807,0.0643973119898705,0.715630169688618,0.0500496740624416,4.57508557054802e-05,0.00439938284985537,8.64949808445685e-05,0.158894718243131,4.57508555858449e-05
"ACGTATTACTCCGATC-1",0.0150651263168477,0.0113440872090749,0.000137060181395673,0.409656014860479,0.000137060181149357,0.0734939403404225,0.462609287625192,0.0274203631040436,0.000137060181395673
"ACGTGCGCCTCGTGCA-1",0.000671853927816194,0.0279352188513127,0.0507641083521046,0.116452241246869,0.000139599612395244,0.000139599612395244,0.390816387578348,0.372547107035207,0.0405338837835519
"ACGTTAATGTCGAAGA-1",0.0120697669757287,0.0184658505545912,0.0495681027841289,0.120384993674686,9.02528289026616e-05,0.0059663401993896,0.35253724156033,0.34913154980894,0.0917859016133031
"ACGTTAGATTTGCCCG-1",0.0858500484325832,0.0260753162524316,0.0163736179658761,0.0847044833975352,0.00947681317412766,0.0217886328461434,0.578294850067534,0.177236415835029,0.000199822028740149
"ACGTTATTGGTCACTC-1",0.0305764851288529,0.0380352892138148,0.000220598772146864,0.209140685065352,0.000220598772146864,0.000220598772146865,0.616881693597278,0.1044391874046,0.000264863273661537
"ACGTTCGCAATCAATT-1",0.0289054317146684,0.130181945033687,0.176414029462111,0.115282553726863,0.000127922398678582,0.0124177599778484,0.316203157045053,0.21132047289261,0.00914672774848105
"ACTATCCAGGGCATGG-1",0.0171158866657635,0.0267610801312143,0.00607798081453767,0.00557970339477924,6.30774478426005e-05,6.30774478422257e-05,0.434608862493989,0.386919786395177,0.122810545208855
"ACTCAATAAAGGCACG-1",0.137648830031749,0.0267677658471376,9.46409741996818e-05,0.449511609249137,0.00748969037313368,0.0291061083391168,0.349192073237129,9.4640974198688e-05,9.46409741986937e-05
"ACTCCCATTCCTAAAG-1",0.128748974161438,0.135344249821968,0.30108527681993,0.12859879060821,0.0712055115880205,0.000164254704419593,0.0673880044414957,0.130684434377347,0.0367805034771712
"ACTCCCGAATTCGTTT-1",9.20167157358929e-05,9.20167156568508e-05,9.20167156623462e-05,0.0180312926683464,9.20167156554167e-05,9.20167156568504e-05,0.955207022865186,0.0262034657880411,9.81351000588783e-05
"ACTCCCTAATGCTAAA-1",0.00784142418778217,0.158290532508642,0.636078327171198,0.0918842215257621,0.0139718829387988,0.00279336818074121,0.000133148707491231,0.0888137734940901,0.000193321285494127
"ACTCCCTAGAATAGTA-1",0.00338522513831533,0.000133350514083766,0.000133350514083746,0.412270447180216,0.000133350514151992,0.000140682266989634,0.428257780481904,0.155398892380409,0.000146921009846878
"ACTCGATGTATTTCAT-1",0.0247259981979635,0.0324936781236251,0.000210186852294882,0.139220247986978,0.0129161910111153,0.000210186852294881,0.59243720270939,0.197524330751715,0.000261977514622821
"ACTCGTAACCCGTCCT-1",0.0231609809667866,0.0017048370230375,9.66984134989681e-05,0.0179578268208453,9.66984133701628e-05,9.66984134989669e-05,0.357960604243872,0.555382269454735,0.0435433862503553
"ACTCTCTGACTTAGGT-1",0.00838198900891674,0.00238867229959442,8.71887990558015e-05,0.0452511112612046,8.71887990557989e-05,0.00217661683329872,0.836192147524633,0.105262094820217,0.000172990654024167
"ACTGAAACGCCGTTAG-1",0.0564325206084815,0.0690325821826488,0.0893765770089093,0.115383406399817,0.000149089873242337,0.0159020631171137,0.000201836404497447,0.550677000651732,0.102844923753559
"ACTGAATGGCGAAAGT-1",0.0297324453434658,0.140891420206269,0.000193784909761146,0.0236069882481331,0.03292051065736,0.0603644325862039,0.37600761361624,0.336073207138966,0.000209597293601107
"ACTGCGGACACACCGT-1",0.118032962832999,0.176851539044237,0.268834897396852,0.114601388965299,0.000194383118122152,0.000194383118672726,0.0790290825683627,0.207396746658042,0.0348646162974134
"ACTGTGCTAGTAGATC-1",0.00134336573096139,0.044434367101431,9.46115481012754e-05,0.0556023390302896,9.46115481012751e-05,0.00510189726393946,0.422943510784288,0.317464810208323,0.152920486784565
"ACTTACGCATCCACGC-1",0.00543627107508481,0.27805173972068,0.496393041440359,0.10165979409703,0.0125328912639468,0.0770998704105166,0.000142047681235445,0.0283856228038661,0.000298721507280869
"ACTTAGTACGACAAGA-1",0.0001383315733265,0.0341930632587175,0.00013833157347041,0.0538024490028541,0.00628170579324536,0.00013833157347041,0.340198728368621,0.352076406859346,0.213032651996949
