"","B_cells","Endothelial_cells","Fibroblasts","Macrophages_and_MDSCs","Mast_cells","NK_and_T_cells","SMCs_Fibroblasts_Hybrids","SMCs_maintype","SMCs_subtype"
"AAACAGAGCGACTCCT-1",6.67952067243549e-05,6.67952067320384e-05,0.00554901509600436,6.6795206711187e-05,6.67952067320374e-05,6.67952067319599e-05,0.244602291137451,0.677578201497989,0.0719365162349238
"AAACAGCTTTCAGAAG-1",0.0518865126338636,0.109332693846603,0.254493378019655,0.14145062900483,0.0104307908476788,0.0410203164858121,0.390985568734694,0.000188949971542031,0.000211160455321599
"AAACCGGGTAGGTACC-1",0.0712769459254495,0.000137844214164164,0.283023333509305,0.36562363786762,0.133763553175674,0.000137844214164147,0.145761152665295,0.000137844214164153,0.000137844214164165
"AAACGAAGAACATACC-1",0.150658823580679,0.0206522139335314,0.573860226074301,0.0677583972227723,2.917482352371e-05,2.91748234683279e-05,0.04153703970982,0.0373835342209548,0.108091415610949
"AAACTGCTGGCTCCAA-1",7.09639390977195e-05,0.0539275784012452,0.00633500014101047,0.79163194258655,0.000148690531283292,0.043140263100367,0.104603633413101,7.0963943671892e-05,7.09639436736661e-05
"AAACTTGCAAACGTAT-1",0.186153084096614,0.104537844870843,0.0315926079603127,0.240374407696326,0.0330604298933174,7.16900068696729e-05,0.404066555461978,7.16900068696684e-05,7.16900068696749e-05
"AAAGACCCAAGTCGCG-1",7.3860448767083e-05,7.38604406620331e-05,7.38604406620175e-05,7.38604406558364e-05,7.38604406620192e-05,7.3860440777439e-05,0.20500496384023,0.794311291176866,0.000240582330717411
"AAAGACTGGGCGCTTT-1",0.000139317495334204,0.00407578277909681,0.000139317495603297,0.440213435604952,0.0333589415984044,0.000181312247995159,0.521608233628869,0.000144341654141371,0.000139317495603302
"AAAGTCACTGATGTAA-1",7.08275543787847e-05,7.08275546624304e-05,7.0827554662416e-05,7.08275546561597e-05,7.08275546624382e-05,7.08275546624462e-05,0.236939148656565,0.762251315868804,0.000384570146945683
"AAAGTGTGATTTATCT-1",6.66958317737322e-05,6.66958311988426e-05,6.66958311988469e-05,0.0241045482750726,6.66958311992829e-05,6.66958311988446e-05,0.540206536607219,0.405865367777333,0.0294900681838066
"AAAGTTGACTCCCGTA-1",0.00010220887618105,0.0001022088743677,0.000102208874367755,0.02051743171486,0.000102208874367687,0.000102208874367699,0.677665211924779,0.252060646590216,0.0492456653964931
"AAATAACCATACGGGA-1",9.8320894080861e-05,9.83208940811507e-05,0.00316154102560915,9.83208940811495e-05,9.83208941076622e-05,0.0234931192976152,0.763275312629346,0.209495117218718,0.000181626252360552
"AAATACCTATAAGCAT-1",6.78030097362192e-05,0.0490918508789488,0.0155445223888812,0.663094461516245,8.67273226669494e-05,0.0673675708584475,0.204611458003883,6.78030105956986e-05,6.78030105957065e-05
"AAATAGCTTAGACTTT-1",0.0101854923826789,0.152128667526977,0.507256763167155,0.064036265357184,9.06723739052673e-05,0.0667396664021427,0.0597659195092011,0.0951520227493345,0.0446445305314212
"AAATAGGGTGCTATTG-1",6.8388064275256e-05,6.83880642906312e-05,6.83880642906247e-05,0.00337139131170363,6.83880650798369e-05,6.83880642906323e-05,0.559273169165459,0.319125375870324,0.117888123330286
"AAATCGTGTACCACAA-1",0.000108626988100107,0.000108626988255469,0.0689545755728295,0.626393028144988,0.0330313011923414,0.000108626988379511,0.271077960148347,0.000108626988379551,0.000108626988379548
"AAATGCTCGTTACGTT-1",0.00303704637242531,0.000103292760296427,0.000106542155170921,0.107609700109514,0.000103292760296428,0.000103292760296427,0.85162390501261,0.0371217984158542,0.000191129653536684
"AAATGGCATGTCTTGT-1",0.00813486043752052,0.0102918845678595,0.0300913035964967,0.00953877636243966,9.75435661764319e-05,0.00845548328399925,0.481963768034253,0.389148340311022,0.0622780398402324
"AAATGTATCTTATCCC-1",0.0002369346346294,0.000236934636660274,0.0603231776146896,0.150128463606343,0.000236934635626944,0.0860866248896947,0.65165694720025,0.0508570481454453,0.000236934636660261
"AAATTAATAAGCGCGA-1",0.000105109966108861,0.14619080268,0.0876127903470414,0.21123253957751,0.000105109966093616,0.147645532936473,0.406897894594233,0.000105109966269878,0.000105109966269893
"AAATTACACGACTCTG-1",4.37081966157864e-05,4.37081966143157e-05,0.00266889065394812,0.00445171761355669,4.37081966143251e-05,4.37081968671256e-05,0.195070124270496,0.797548578868166,8.58558071212455e-05
"AAATTACCTATCGATG-1",0.00141119159344508,9.58029349466894e-05,9.58029349467198e-05,0.0110393273703181,9.58029349467377e-05,9.58029349467238e-05,0.816230942283993,0.170786996434179,0.000148330578277665
"AACAATTACTCTACGC-1",9.63480826041293e-05,0.00213961771248253,0.0189760544690025,0.235961429499642,9.63480809777728e-05,0.0316433984936712,0.710776403646725,0.000214051934419262,9.63480804753335e-05
"AACACGACTGTACTGA-1",4.66949754122201e-05,0.001793005229976,4.66949754134767e-05,4.66949754018132e-05,4.66949753320184e-05,4.66949754134782e-05,0.139315307845125,0.828730676464254,0.0299275355836721
"AACACGAGACGCGGCC-1",0.22570697430288,0.137632532358466,0.132668088645396,0.24981352321635,0.000211049011915197,0.0366393958790664,0.0980198154752557,0.000159236728769356,0.119149384381901
"AACACGCGGCCGCGAA-1",6.65912388795365e-05,0.00282515430226397,6.65912387935303e-05,6.65912387846151e-05,6.65912380968549e-05,6.65912387935254e-05,0.104305707091592,0.730838350072106,0.16169783234069
"AACAGGAAATCGAATA-1",9.36267338740188e-05,9.36267338701717e-05,0.00585580223597802,0.00314807385901808,9.36267338701735e-05,0.00148301322068052,0.807918105039676,0.181068427924913,0.000245697518119669
"AACAGGATGGGCCGCG-1",0.000135819994466979,0.0229788965936346,0.00013581999446615,0.0946685769595245,0.000135819994545161,0.0617243890988272,0.633830099052591,0.0990997624771691,0.0872908158347752
"AACATATCAACTGGTG-1",7.21649247583414e-05,7.21649247577476e-05,7.21649263352061e-05,7.21649247537527e-05,0.00305843628162519,7.21649247577506e-05,0.148950895739758,0.672517100044063,0.175112743309192
"AACCAAGACTTCTCTG-1",0.000118917081476737,0.0766385658155686,0.00208892613780303,0.723394150609561,0.000132559318259544,0.000137155245614244,0.197251891625249,0.000118917083233828,0.000118917083233815
"AACCAGTATCACTCTT-1",0.0300484517287584,0.0319325232658216,0.218534157969839,0.0488884705359183,0.000193928507623051,0.000193928508266422,0.167835139833709,0.355590739371912,0.146782660278152
"AACCATGGGATCGCTA-1",0.000142481624786379,0.000142481621706856,0.000142481621706856,0.0706850621469435,0.000142481621706851,0.00944477479706672,0.648779317743378,0.120219574706237,0.150301344116468
"AACCCAGAGACGGAGA-1",9.34527032135641e-05,0.00786323223243063,9.3452705030254e-05,0.152082246201058,9.34527050302258e-05,9.34527050302556e-05,0.721254565941176,0.0964398198174411,0.02198632498959
"AACCCTACTGTCAATA-1",0.000108544745645693,0.00626678535009736,0.000108544746006071,0.000108544746016958,0.000108544746006064,0.000108544746006065,0.618759297984312,0.374010943465235,0.000420249470674813
"AACCCTGGTGGAACCA-1",0.000191124996834193,0.297429582644492,0.215436639865997,0.145819609010694,0.0190251844737873,0.000191124995412197,0.0893239153163168,0.207512415184948,0.0250704035115187
"AACCGCTAAGGGATGC-1",6.8484614588969e-05,6.84846146121649e-05,6.84846146121646e-05,0.00935716959115236,6.84846146121665e-05,6.84846146121646e-05,0.573392451903807,0.415076987897668,0.00183096753433537
"AACCGTTGTGTTTGCT-1",7.2943548192759e-05,0.0132772118740115,7.29435479966167e-05,7.29435479874208e-05,7.29435479966168e-05,7.29435479966146e-05,0.391129902221304,0.589622943247394,0.00560522491712066
"AACCTTTACGACGTCT-1",4.99797490309242e-05,4.99797487423628e-05,0.00727973339236489,4.9979748743301e-05,4.9979748250757e-05,4.99797487423599e-05,0.146099969566619,0.846166506624316,0.000203891673190833
"AACGATAGAAGGGCCG-1",0.000105627569235575,0.00010562756945846,0.000105627569458456,0.000105627569458459,0.0130006725260175,0.000105627569458461,0.631354716444879,0.218871990751883,0.136244482430152
"AACGCATGATCTGGGT-1",0.143336072162579,0.149283191466046,0.280743905236842,0.153852136887228,0.000178657463647421,0.0120437448100445,0.103195851608305,0.157163683445402,0.000202756919905488
"AACGCGAACGGCAACA-1",6.99177378210935e-05,6.99177374340409e-05,6.9917737434013e-05,6.99177374091223e-05,6.99177374340407e-05,6.99177374340484e-05,0.346631541518688,0.590921102931365,0.0620278491249806
"AACGCGGTCTCCAGCC-1",9.34762143474012e-05,9.34762162048921e-05,0.000111638106854569,0.151322796625637,0.0534579222587856,9.34762162048941e-05,0.738803397576035,0.0559194074717629,0.000104409314167676
"AACGGCCATCTCCGGT-1",0.314745679781886,0.00989542505647349,0.000129137395457488,0.186815070514845,0.000129137395649241,0.0582837575689339,0.429743517495686,0.000129137395534193,0.000129137395534197
"AACGTGATGAAGGACA-1",6.90523429956976e-05,0.117904235120149,0.636897277682839,0.182022707496662,6.9052347158461e-05,6.90523472352352e-05,8.22559599566885e-05,0.0627251656347646,0.000161201068238554
"AACGTTATCAGCACCT-1",0.000100128444796636,0.000100128444189197,0.0221347129270685,0.165556678905388,0.000100128444046547,0.00987472557165334,0.801812192474568,0.000208801205489435,0.000112503582800214
"AACTAGCGTATCGCAC-1",0.0326005029424072,0.317258891006942,0.240533859114475,0.0586067605908534,0.0348479692441052,0.000275611304954406,0.000275611304954407,0.176859509729013,0.138741284762295
"AACTCCTAATCCCATG-1",0.000121926506503765,0.0913258075153582,0.247461337352284,0.136684500072333,0.0170413332226468,0.0268680319374214,0.000146407727197679,0.388724561643803,0.0916260940224524
"AACTCGATGGCGCAGT-1",6.60398440778274e-05,6.60398440805406e-05,6.60398440805148e-05,0.114750565392203,6.6039844080532e-05,0.000108305324990693,0.839221085947423,7.86506503073442e-05,0.0455772333087564
"AACTCTCAATAGAGCG-1",4.7508860596265e-05,4.75088606057758e-05,4.75088612409242e-05,0.0116404741610314,4.75088606060826e-05,4.75088606057754e-05,0.880623402111931,0.107305219466372,0.00019335995701041
"AACTGATATTAGGCCT-1",0.0086589284867243,0.0491039421568824,6.26558626630844e-05,6.26558626655915e-05,0.0190143758019726,6.2655862663085e-05,0.864227255248824,0.0586841503377506,0.000123380379853986
"AACTGGGTCCCGACGT-1",0.0207925797674618,6.78040980186352e-05,0.0577368615624946,0.0183887201094472,0.0269469455281075,6.36124760554923e-05,0.875525494167184,0.000102852458786293,0.000375129832444826
"AACTTCTGCGTCTATC-1",0.00275474935893356,6.49870719706255e-05,6.49870719706247e-05,0.099613750493111,0.0318136585802318,6.49870719706252e-05,0.783488969391169,0.0819603136244197,0.000173597336223353
"AACTTGCCCGTATGCA-1",0.000138289536334489,0.000138289535721834,0.000138289535721838,0.1584472735399,0.00013828953572184,0.069870552915564,0.770692943562789,0.000139865160700856,0.000296206677545539
"AACTTGCGTTCTCGCG-1",6.66938191143666e-05,0.00415952928865905,6.66938237125928e-05,0.0574888558416174,6.66938237125982e-05,6.6693823712596e-05,0.857594029791915,0.000134174225388214,0.0803566355621678
"AACTTTACGGGAGCTT-1",0.000178534716943266,0.00407290672398888,0.000178534716043777,0.599258634376476,0.000178534716011007,0.0865604062121379,0.309215379106311,0.00017853471604377,0.000178534716043779
"AACTTTAGCTGCTGAG-1",0.00563097307858297,0.219539822876946,0.510344630378487,0.126784584526724,6.7832380258876e-05,6.78323808961999e-05,6.78323808932373e-05,0.109905463158832,0.0275910288383802
"AAGAAGGATCAGTTAG-1",0.000114344943007152,0.000100494817199836,0.000100494817199836,0.0915209874462527,0.000100494817199839,0.0112289944393768,0.758188115143534,0.0418955492684347,0.0967505243077951
"AAGACTAACCCGTTGT-1",0.000144926411315648,0.26238674346344,0.329249246116936,0.121213373011139,0.000144926414296375,0.000144926415786805,0.000144926415786795,0.246173082525274,0.0403978492260256
"AAGACTGCAAGCTACT-1",4.80966074147413e-05,0.0332528560553379,0.0131088516025838,0.868831599798074,5.90226760876433e-05,0.00196742283743078,0.0465387678199822,4.80966073315267e-05,0.0361452859957577
"AAGATTGGCGGAACGT-1",0.00579353405728871,9.50507734871993e-05,0.0199948594667894,0.160628650299895,9.505077429596e-05,9.50507734872036e-05,0.777789602663767,0.0353747755611103,0.000133425629879781
"AAGCATACTCTCCTGA-1",0.000223570466766284,0.108865797742316,0.000223570466766484,0.246987236171617,0.0525018930737853,0.000223570466766496,0.171553171822671,0.419142773689782,0.000278416099528778
"AAGCGGCGTCATGGGT-1",8.79027938418996e-05,0.131127767762102,0.337442114483505,0.0115334994855286,0.000208142090538988,0.0876751263463347,0.000138819423351883,0.431595648026956,0.00019097958784145
"AAGCTAGATCGAGTAA-1",8.53010536417254e-05,0.0446674296318272,8.90426636978699e-05,0.441026987956108,0.000173552592153497,0.0806149172036801,0.433172166790988,8.53010539519479e-05,8.53010539519808e-05
"AAGGATCGATCGCTTG-1",0.0127379569955161,0.539972192710212,0.354981612092021,0.0286414951818082,9.63968801151627e-05,9.6396880264535e-05,9.63968802645324e-05,0.010060495904622,0.0533170564751771
"AAGGATGAGGGACCTC-1",0.000471610422075302,0.109319171157677,0.0544319099253155,0.320380931917647,0.000124261945359526,0.0633942000660913,0.451585621294576,0.000160709328454973,0.000131583942803698
"AAGGGACAGATTCTGT-1",0.00291527151806387,0.0205919458115805,6.10541586189861e-05,0.040158704755482,6.10541582025258e-05,6.1054158618986e-05,0.775589711383208,0.13168594423719,0.0288752598190345
"AAGGTGATAAACCAGC-1",6.88253740413295e-05,6.88253762597516e-05,6.88253762597305e-05,0.0505667201517397,6.8825376259743e-05,6.88253762597462e-05,0.420729571674057,0.475842977485939,0.0525166038091842
"AAGTAAGCTTCCAAAC-1",2.84649541180352e-05,0.0241255919908163,0.677021430292123,0.11645657435488,2.84649528853863e-05,2.84649534263249e-05,6.27368660316396e-05,0.0963638072357083,0.0858844644000104
"AAGTAGAAGACCGGGT-1",0.000131579591178182,0.000131579595176059,0.000131579595176048,0.244659255869498,0.000131579595176048,0.047109489264143,0.692982280488884,0.0145623881367069,0.000160267864061609
"AAGTCAATTGTCGTCA-1",0.000136000048814959,0.261129536100918,0.326395770518153,0.0629678255712368,0.000136000047973258,0.0222565754936543,0.107559351366994,0.219073937205587,0.00034500364666804
"AAGTGACGACCGAATT-1",0.0520441849949152,0.271489404410169,0.222495165615572,0.199626410222773,0.000111668992910658,0.0767276041256089,0.164834092601915,0.000111668992851214,0.0125598000432845
"AAGTGCCTTGACTGTA-1",0.120438640367221,0.125483440440389,0.48529872460753,0.0453471198685788,9.32155838469992e-05,9.32155847434165e-05,9.3215584743442e-05,0.175557768276941,0.0475946596860052
"AAGTGTTTGGAGACGG-1",0.000105044730659699,0.000105044728862415,0.000105044728862429,0.0128591126210089,0.000105044728862418,0.000105044728859878,0.554499042714943,0.351878908966837,0.0802377120511045
"AAGTTCAGTCTGCGTA-1",0.242723681233125,0.117294528843544,0.346703508462385,0.117094173867764,0.0210979370747635,0.00313185269517128,0.000117147505839757,0.116251344292445,0.0355858260249623
"AAGTTCGGCCAACAGG-1",0.000111682182946485,0.203780987389787,0.157054093178495,0.299779567336305,0.000133465815371869,0.000111682182991657,0.338805157548106,0.000111682182999308,0.000111682182999326
"AATAACACTAGAACAA-1",0.146703599182022,0.0842319980299397,0.108994180235297,0.205798012893933,0.000197967322927782,0.000197967322884654,0.453329687035063,0.000342231921170479,0.000204356056762118
"AATAGAATCTGTTTCA-1",0.000153732557643116,0.000153732558495125,0.000153732557642454,0.00203070642725721,0.000153732559058211,0.000153732557647438,0.554109011391833,0.442881258841937,0.000210360548486259
"AATAGTCGCGAGTCGG-1",0.000141070372308245,0.000141070374169183,0.000141070374169159,0.211006317878218,0.000141070374728249,0.0459209502285882,0.712027717204097,0.0303396628195526,0.000141070374169147
"AATATCAAGGTCGGAT-1",0.000109239062588028,0.016087817560058,0.000109239063661718,0.000109239063638609,0.0048427738135476,0.000109239063662362,0.265726103348263,0.712789032276567,0.000117316748013572
"AATATCGAGGGTTCTC-1",0.000109241333689146,0.00489730393596705,0.000109241333708523,0.00010924133370551,0.000109241333241012,0.000109241333708529,0.573544821031138,0.420786664308812,0.000225004056030783
"AATATTGGAGTATTGA-1",9.14857396167943e-05,9.14857422721236e-05,0.0490773508227015,0.589186977347425,0.0375136648968066,0.194835348534356,0.129020715432277,9.14857422721298e-05,9.14857422721241e-05
"AATCAGACTGCAGGAC-1",0.000399931530541887,0.176837216116884,0.219235924786864,0.0401254486330597,0.0459741488053182,0.0155430652624087,0.144217321200939,0.201422741865471,0.156244201798512
"AATCCAAGGGCCTGAG-1",6.98030267988361e-05,0.00462241038733366,6.98030278144986e-05,6.98030278210831e-05,6.98030278144832e-05,6.9803027814486e-05,0.631056312353899,0.302172974256739,0.0617992878639646
"AATCCATGCAAGGGTG-1",7.72126632471785e-05,7.72126637932827e-05,7.72126635911968e-05,7.72126637922845e-05,7.72126637933119e-05,7.72126637932783e-05,0.134257163967186,0.722568077753005,0.142711482297798
"AATCTATGCCGGAGCC-1",0.000146011764336896,0.116481543580273,0.483297770920743,0.163059620851723,0.00653583614218353,0.000146011763697496,0.000146011763697505,0.230041181449648,0.000146011763697469
"AATCTGCGTTGGGACG-1",0.000133752411091373,0.000133752415400118,0.000133752415400125,0.233430344275461,0.000133752414563447,0.00376450066077492,0.634828846251502,0.000152724997479271,0.127288574158328
"AATCTGGGTAGACCCT-1",0.067345992498217,0.0433125716862145,0.165198482524172,0.118435621344674,9.86692749590677e-05,9.86692752422926e-05,0.535687175216589,0.0155413081897971,0.0542815099901359
"AATGAGTTCGCATATG-1",0.000182881078910738,0.000102797662841126,0.000102797662841128,0.0957690676583517,0.000102797662841128,0.00395126025234454,0.774268012964135,0.11788634171124,0.00763404334649496
"AATGATGATACGCTAT-1",6.73835356534553e-05,0.00902393966138217,0.00461361829887044,0.00233402826190993,6.73835356419747e-05,6.73835356419604e-05,0.811435178715961,0.128661656792532,0.0437294276624065
"AATGATGCGACTCCTG-1",0.000107719674332467,0.000107719674664368,0.000107719674664343,0.000107719674689398,0.000107719673896285,0.000107719674664343,0.322673259457118,0.676539956647642,0.000140465848328575
"AATGCACCAAGCAATG-1",0.0211894901070669,0.00607076344363662,0.013265132356467,6.2285668122453e-05,6.22856677007838e-05,6.22856681287205e-05,0.311526880590413,0.506654290852483,0.141106585645982
"AATTACTCGTACGCTC-1",4.73578641311873e-05,0.00605957658095088,0.00716359020474076,0.0101176938668501,4.73578655941763e-05,4.73578655938054e-05,0.123650505733176,0.847306976684812,0.00555958333415196
"AATTCATAAGGGATCT-1",0.0204995597162532,6.4067952547834e-05,6.52141820434738e-05,0.00899418359641498,6.40679525478323e-05,6.40679524148312e-05,0.769150578987395,8.1695465233758e-05,0.201016564195149
"AATTCTAGAGTTAGGC-1",0.000136181708335077,0.000136181710023627,0.111704615032678,0.354384864171838,0.0640921563191517,0.000136181710023632,0.469137455927903,0.000136181710023609,0.000136181710023611
"AATTGAACGCTCTGGT-1",9.48656359039667e-05,0.00963613976298065,9.48656383303481e-05,0.122129027859675,9.4865638173308e-05,0.00699815127427308,0.860638273150186,9.48656381732915e-05,0.000218945402304339
"AATTTGGGACATAGTA-1",6.8969224904977e-05,0.00408542806718507,0.00854050017837109,6.89692217761455e-05,0.00693737867431424,6.89692217707361e-05,0.30246250339104,0.677595591824369,0.000171690196268611
"AATTTGGTTCCAAAGA-1",6.37603909304406e-05,6.37603909299563e-05,6.37603909299546e-05,6.37603909266751e-05,6.37603916439518e-05,6.3760390929956e-05,0.242255707217832,0.656534678338061,0.100827052097816
"ACAAATCGCACCGAAT-1",0.000110674781037408,0.000110674781015288,0.000110674781015278,0.0118383777789996,0.000110674781015286,0.00409873642639983,0.514992816854426,0.468281754223841,0.000345615592250704
"ACAAATGGTAGTGTTT-1",8.77157283378292e-05,8.77157301225164e-05,8.77157301225163e-05,0.185420710613612,0.00406998511733736,8.77157301225168e-05,0.782761704368946,0.0256836975922948,0.00171303938910506
"ACAAGCAGTGCCTAGC-1",8.88473991410682e-05,0.049564193224337,0.0457953967382944,0.241594923157293,8.88473993585385e-05,8.88473992120737e-05,0.576685231276672,9.10832847509645e-05,0.0860026301209407
"ACAAGGAAATCCGCCC-1",9.05487336111236e-05,0.0180179078827617,9.05487336041292e-05,0.435581968873124,9.05487334873284e-05,9.0548733604109e-05,0.535474402952298,9.0548733604146e-05,0.0104729766239059
"ACAAGGACAAGAGGTT-1",8.74854683245809e-05,0.0349070245421068,8.74854700504201e-05,0.437779583402884,0.00962264685876065,0.200304471476118,0.294249907896367,8.7485470050417e-05,0.0228739094153389
"ACAATAGTCGTACGTT-1",0.069361372742685,0.146316231120207,0.272991132375687,0.340527113631747,0.000132259055890306,0.00013225905581285,0.170275113906296,0.00013225905583762,0.000132259055837611
"ACACACCAGGACCAGT-1",0.000108114579755207,0.000108114579100066,0.00010811457910006,0.00884325309671466,0.000108114579100065,0.000108114579100065,0.490440127459698,0.430919387510602,0.0692566590368299
"ACACCCGAGAAATCCG-1",0.000140577281027588,0.0940821758867709,0.0256862235857723,0.135097262647983,0.000140577280374139,0.111316631693621,0.55549615937568,0.0778319130164779,0.00020847923229321
"ACACCGAGCGCTCTTT-1",6.9123721090602e-05,6.91237185603401e-05,6.91237185603244e-05,6.91237185286e-05,6.91237185364533e-05,6.91237185607739e-05,0.0534191210186564,0.809062196378469,0.137103940289037
"ACACGGCACTATGCAT-1",0.0226266146680787,0.0897532152690158,0.5209266947349,0.0628517821674251,0.0386888979014677,0.0466772213699201,0.000107543929937911,0.133929006041705,0.0844390239175496
"ACACTCCAATGTCACT-1",9.75311604010795e-05,9.75311599177839e-05,9.75311599178407e-05,0.140373454599078,9.75311599177913e-05,0.0218185739475109,0.732553685059884,0.10467459457352,0.000189567179853045
"ACAGATTAGGTTAGTG-1",0.00599987980381739,0.279044575469434,0.382873200655137,0.171507176203572,0.00019129141872181,0.0260869372222515,0.000191291417521279,0.133914356392023,0.00019129141752129
"ACAGCATAGAGCCAGT-1",7.1072535649043e-05,0.00635886396162694,0.0021378067960695,7.10725356713549e-05,7.10725356719664e-05,7.10725356811872e-05,0.496895862013058,0.424036097116307,0.0702870799702656
"ACAGCGCACCCGCAGC-1",4.44133130681254e-05,0.00254645809555454,0.00238026932690711,4.44133143468812e-05,0.0036201707752556,4.44133143488589e-05,0.312832876798345,0.678332126971434,0.000154858090739619
"ACAGGTGGAGGTGAGG-1",0.280182371454885,7.93781131501923e-05,0.0259741753296367,0.161919561479094,0.000127927164384063,7.93781132047029e-05,0.456945698399361,0.0746121318331334,7.9378113150184e-05
"ACATAATAAGGCGGTG-1",0.0173240432223843,6.13767496534329e-05,0.000157215586667405,0.140253661116904,0.0038132356471592,6.13767496534306e-05,0.74097002957335,0.0972836582546416,7.54030995863454e-05
"ACATCAGCTGGGACGC-1",4.73743622668724e-05,0.0232778561075095,0.0229882068425805,0.846281332178594,0.000178404338555249,5.61209037963226e-05,0.107075956542164,4.73743622668816e-05,4.73743622668728e-05
"ACATCCTGGTAACTGT-1",0.0169641734792516,0.0762352859266746,0.0883674390030179,0.179580835303775,0.0159191970787844,0.000202118647635679,0.362845592925301,0.206174654072074,0.0537107035634852
"ACATCGATCGTTTACC-1",6.54231469231587e-05,0.0204826678325834,0.0786264028869745,0.698943708004303,6.54231463559902e-05,0.0257986139680135,0.126431169627015,6.54231471240985e-05,0.0495211682407079
"ACATCGTATGCAATGG-1",9.04221670323692e-05,9.04221732341949e-05,9.04221732341997e-05,0.295635534670072,9.0422173234192e-05,0.00516277150759915,0.698630576434332,9.04221732342005e-05,0.000119006528028547
"ACATCGTTAACCTAGT-1",0.000661785529305624,0.0164622570771524,0.0310101965640762,0.0457821807266783,6.25621629130433e-05,6.25621629130375e-05,0.134957875338502,0.770927652962837,7.29274756227144e-05
"ACATGGCGCCAAAGTA-1",0.0219714464033205,0.183923362023061,0.209130042158302,0.147770167263087,0.00028567501973727,0.0212623722143317,0.192582369830867,0.222775543969161,0.000299021118132153
"ACATGGCTCAATTTAG-1",6.27251820499107e-05,0.0421177776846115,0.0497562091774873,0.0771820036179635,6.27251830292733e-05,0.00660703165455594,0.14546032014029,0.678625078188117,0.000126129171895685
"ACCAAGAACGCGTGTC-1",8.44938905634317e-05,0.0695427248853202,8.44938922231313e-05,0.105688008902348,8.44938922231266e-05,0.0127818931920763,0.811466840898574,8.47566177758505e-05,0.00018229382889581
"ACCACAACTCAGAACA-1",0.0342102504838899,0.0581794561028691,0.322398906753632,0.0749427780359957,8.55231530442093e-05,8.55231528319554e-05,0.0237950435412027,0.283583661732933,0.202718857043602
"ACCACGTGCAGCTATA-1",0.000126345496795318,0.00513759884369575,0.000126345504941712,0.279128617685529,0.00979213529666998,0.0206826070887608,0.684753659073724,0.000126345504941717,0.000126345504941726
"ACCAGACCATAACAAC-1",0.00011078403287306,0.000110784032862057,0.000110784032862017,0.254433339570606,0.00011078403288758,0.263291711241504,0.385783320136034,0.0959377088875085,0.000110784032862038
"ACCATTAAGGGTGTCA-1",7.24232985680448e-05,7.24232985391003e-05,7.24232985391172e-05,7.24232985604467e-05,0.00110044848996305,7.24232985390931e-05,0.0950222127487879,0.726161902780162,0.177353319488341
"ACCCGGATGACGCATC-1",6.70589920682155e-05,0.0094917135615918,0.0159780896585803,6.70589920861837e-05,6.70589920691971e-05,6.70589920691984e-05,0.46919656936208,0.468739146180085,0.0363262452693701
"ACCCTATAGGACTGAG-1",6.53521258823325e-05,0.00624804742539798,6.53521280286238e-05,0.0298789169842789,6.53521280286187e-05,6.5352128028623e-05,0.906018089012865,6.67095341033722e-05,0.0575268285333862
"ACCCTCCCTTGCTATT-1",6.93086728759917e-05,6.93086728724846e-05,6.93086728724313e-05,6.93086728724844e-05,6.93086728100183e-05,0.00627692876272154,0.466469192194747,0.461808009835038,0.0650993258431896
"ACCCTTCATCTGCGAA-1",9.93589504791208e-05,0.0178137838565862,9.93589514265638e-05,0.0120863751055099,9.9358951426477e-05,9.93589514265635e-05,0.390711096856025,0.549462331333869,0.0295289770432512
"ACCCTTTAGTTCTCCA-1",0.0616919909519672,0.129328692184184,0.094679355417093,0.095921421723636,0.000190437812497252,0.000190437813128852,0.226548776109612,0.391258450174753,0.000190437813128845
"ACCGAAAGGGCCCTGC-1",6.91586304176085e-05,0.0024635209350481,6.91586295404965e-05,6.91586303943595e-05,6.91586303705516e-05,6.91586303712185e-05,0.134832242995257,0.733129006270438,0.129229436648162
"ACCGATGGTAGCATCG-1",4.43628732794755e-05,0.00531116440569448,4.43628746742195e-05,0.0118127153125977,4.43628723808717e-05,4.43628723808691e-05,0.779133219182068,0.121614827293224,0.0819506223137005
"ACCGCAATAACTGCCT-1",7.03496535264527e-05,7.03496534920365e-05,7.0349652564342e-05,7.0349653504887e-05,7.03496534960039e-05,7.0349653492037e-05,0.68537732793899,0.26352713260191,0.0506734415390242
"ACCGCGGTGGAAGTCG-1",0.118646682365624,0.0884155934394475,0.530712418080798,0.218350118972271,6.06282524530971e-05,0.020439304262577,9.14921732887199e-05,6.06282520940215e-05,0.0232231342014464
"ACCGGGCCTTTGTTGA-1",9.78287919460865e-05,9.78287914958969e-05,0.101261153131342,0.134846210736509,9.78287914959097e-05,9.7828791495898e-05,0.720846286936062,0.0425139255873747,0.00014110844227845
"ACCTAATCGACTTCCT-1",0.000128840991288142,0.000128840991023696,0.0512182829973499,0.334114417279613,0.000128840991289282,0.0669775780091537,0.455425010658684,0.000139510303366761,0.0917386777782322
"ACCTGCGTGTCATGTT-1",0.159322677904105,0.176335626711814,0.163127337518575,0.211506450428144,0.000161120664316008,0.000161120664509737,0.288982273009578,0.000161120664509732,0.000242272434447724
"ACGAGAACCCATCACG-1",7.16256193285124e-05,7.1625619045603e-05,7.16256190456419e-05,7.16256190510161e-05,7.16256185545948e-05,7.16256190456243e-05,0.316272426132585,0.60127787350272,0.0820199466506238
"ACGAGATATTTGCTTA-1",0.00161005066798253,0.194698199944293,0.516805779431393,0.104620600765155,0.000867038662951508,8.97508194138147e-05,8.9750819413828e-05,0.181119595615458,9.92332739401363e-05
"ACGAGTACGGATGCCC-1",7.02150533381328e-05,0.00949345317569338,0.00152119019668231,7.02150536526221e-05,7.02150535550103e-05,7.02150536642645e-05,0.173801017503269,0.814745354904647,0.000158124005498201
"ACGATACATAGAACTA-1",9.10339949917034e-05,9.10339967906747e-05,0.0733082020036227,0.0753646001316915,0.0258761798315133,9.10339967906885e-05,0.766434365851857,0.0586525161959522,9.10339967906797e-05
"ACGATACCTATCCTGA-1",0.000123820011478271,0.000123820011478192,0.0741025158781974,0.184958622497554,0.154266661279495,0.0308877044477445,0.555289215851095,0.0001238200114782,0.000123820011478204
"ACGATCATCTTGTAAA-1",9.52381617450042e-05,9.52381617401271e-05,0.0190851754086684,0.00960313227741663,9.52381617401293e-05,9.5238161740129e-05,0.432690164784004,0.407203422040429,0.131037152842517
"ACGATGGATCCGATGC-1",9.47570663680683e-05,9.47570664078968e-05,0.00546829081947099,9.47570663870009e-05,9.47570665929078e-05,9.4757066407896e-05,0.337328598358521,0.656567628614681,0.000161696875163198
"ACGCAATCACTACAGC-1",0.0681495161067117,0.0896914465847532,0.191272486712113,0.263145787996929,0.000216661672492301,0.000216661673097055,0.000216661673097053,0.38687411590771,0.000216661673097059
"ACGCCAGATGATTTCT-1",9.27614872128599e-05,9.27614890164186e-05,9.27614890163937e-05,0.0573338453612298,9.27614890171684e-05,9.27614890164085e-05,0.942016824217458,9.2761489016323e-05,9.27614890163725e-05
"ACGCGAAGTCAGACGA-1",0.000162897603332796,0.0213823269716205,0.000162897603338734,0.459287876700395,0.000162897603338725,0.000162897603338733,0.518352410707958,0.000162897603338745,0.00016289760333873
"ACGCGTTTCTTAAGAG-1",0.000136179351321053,0.0511063345619941,0.0163745354424256,0.502961626629752,0.00014002414746191,0.0605854376301733,0.368423503533769,0.000136179351551883,0.00013617935155183
"ACGCTAGTGATACACT-1",6.87241340761593e-05,6.87241303533959e-05,6.87241303534013e-05,6.87241337819343e-05,6.87241274261036e-05,6.87241303534012e-05,0.266194600826939,0.636712847152859,0.0966802072338578
"ACGGAATTTAGCAAAT-1",0.00586468288691849,0.000104901064988312,0.000104901064988313,0.0749742831103276,0.000104901064988309,0.000104901064988313,0.91820279837045,0.000318338686853579,0.000220292685497389
"ACGGCGACGATGGGAA-1",6.08156848141392e-05,0.0237880455897971,6.08156846022395e-05,0.143563267655529,6.08156846022996e-05,0.00626735144715554,0.812254072227219,6.08156846022884e-05,0.0138840003416778
"ACGGGTCATGTGACTT-1",0.000169014469348554,0.0199523199280434,0.00016901446804433,0.000169014468023241,0.0001690144676307,0.000169014468044355,0.37388263905095,0.605139331342028,0.000180637337887881
"ACGTACAGATTTCTCT-1",0.000617919799904275,0.00359578962872386,6.60422247233865e-05,6.60422247427037e-05,6.60422247233787e-05,6.60422247233808e-05,0.284637712206225,0.63902950514466,0.0718549043215746
"ACGTATTACTCCGATC-1",0.000105546514887604,0.000105546514783734,0.000105546514783739,0.00192713660779121,0.000105546514378772,0.000105546514783731,0.398806181618896,0.465766167589389,0.132972781610306
"ACGTGCGCCTCGTGCA-1",4.08314262670551e-05,0.0314944775326382,0.0516272231723371,0.00572394436519014,4.08314245571083e-05,4.08314260990314e-05,0.726697563067827,0.0513388820415492,0.132995415543535
"ACGTTAATGTCGAAGA-1",4.88351999535939e-05,0.0124008901983723,0.00315496683534155,0.90484657008682,0.00470062336542873,0.0214651945140061,0.0389272171275069,4.88352021630924e-05,0.0144068674704079
"ACGTTATTGGTCACTC-1",9.27508159472445e-05,0.00248488082451461,9.27508177588186e-05,0.221057823949014,9.27508177588151e-05,0.0279310832612786,0.667624763544847,0.0805049586522107,0.00011823731667013
"ACGTTCCGCGCTCCGT-1",9.23030952444353e-05,0.101956728977052,0.0413801477403416,0.0300271555328458,9.23031032963263e-05,9.23031034221942e-05,0.000154357571603407,0.825803061717417,0.000401639158777216
"ACTAATACGTCAGGCG-1",0.000187411036783765,0.248645561927912,0.137793278645881,0.0232506384134188,0.00105530348167149,0.000127399981505601,0.000127399981505597,0.588658942423115,0.000154064108205822
"ACTATCCAGGGCATGG-1",0.000161329195238346,0.747739768708672,0.130264143757064,0.0319452944422805,0.00540253703702824,0.0349901270981307,6.28172441679595e-05,0.0192068576429346,0.0302271248744837
"ACTCAACGAATGTATT-1",0.000102119808806679,0.0153444677031996,0.000102119808935739,0.000102119808928732,0.000102119808935741,0.000102119808935736,0.442804174814192,0.541186328676767,0.000154429761298688
"ACTCAGACCTGCTTCT-1",8.05391255952432e-05,8.05391260141524e-05,8.05391260140808e-05,8.05391259708066e-05,8.05391259253456e-05,8.05391260141432e-05,0.243914738348996,0.711062187925909,0.0445398389695612
"ACTCCCATTCCTAAAG-1",0.216371770982796,0.0602073375090168,0.00820949213865257,0.170496052895496,0.000115968207704049,0.000115968207507003,0.544216542967435,0.000115968207507521,0.000150898883883941
"ACTCCCGAATTCGTTT-1",7.18907184446752e-05,7.18907193141452e-05,7.18907193145354e-05,7.18907191970001e-05,7.18907194465102e-05,7.18907193142577e-05,7.18907193141477e-05,0.91646466349179,0.0830321014738651
"ACTCCCTAGAATAGTA-1",0.000142611433812966,0.0503329693374489,0.0463898999493953,0.493142666039173,0.000142611437749938,0.0792969195417077,0.330267099385128,0.000142611437792126,0.000142611437792131
"ACTCGATGTATTTCAT-1",0.000102093555865838,0.000102093560383368,0.000102093560383398,0.174369812938137,0.000102093560240756,0.000102093560383385,0.801626038143702,0.0233788165153382,0.000114864605565886
"ACTCTAAACCTGGGAT-1",0.000222607774756628,0.0301201606252371,0.0170136673397098,0.416243650521452,0.000222607778504059,0.0874582242618031,0.448273866141529,0.000222607778504241,0.000222607778504187
"ACTCTCTTATACACGA-1",0.00326125845283713,0.0818333084188287,0.652852677446478,0.161171226780339,4.17833066992423e-05,4.17833067516651e-05,4.17833067516344e-05,0.0889427019854576,0.0118134769958567
"ACTGAATGGCGAAAGT-1",9.7981446196183e-05,9.79814461946816e-05,9.79814461946746e-05,0.0401688331509226,9.79814461282829e-05,9.79814461946845e-05,0.591514349786631,0.367629566765203,0.000197343066334948
"ACTGCCGTCGTAACTC-1",6.41327507623366e-05,6.41327505761017e-05,0.00167571037129427,6.41327505686564e-05,6.41327504206155e-05,6.41327505761011e-05,0.997858860393613,6.41327505761352e-05,8.06327316122285e-05
"ACTGTATACGCGAGCA-1",0.000105996438961651,0.0373637017436756,0.000105996441067332,0.00515563268675604,0.00647651465663855,0.000105996441067329,0.731247224774756,0.219144462144521,0.000294474672556756
"ACTGTGCTAGTAGATC-1",0.0130797772158814,0.0444830911728203,0.00236931744053573,0.22611910749123,0.000147657892202774,0.000147657892202777,0.708424052103466,0.00495405023471751,0.000275288556943766
"ACTTAGTACGACAAGA-1",9.89736530887734e-05,0.000168425654149785,0.000100580841403638,0.107896403748251,9.89736530809746e-05,0.00267489709337534,0.741350472018835,0.147422304410681,0.000188968927134199
"ACTTATACTTACCCGG-1",9.71947301103293e-05,0.041311263335701,9.71947320099868e-05,0.131494423920346,9.71947320099773e-05,9.71947320099642e-05,0.819358064212825,9.88274830822378e-05,0.00734864212190537
"ACTTATTTATGTGCCA-1",9.6690609965431e-05,9.66906094681828e-05,9.66906094681837e-05,0.0355250316088854,9.66906094681956e-05,9.66906094681865e-05,0.346789217469118,0.617074336929402,0.00012796094475606
"ACTTCAGGCTGATCCC-1",7.08369544236601e-05,7.08369545337634e-05,7.08369545337701e-05,0.000122984766246249,7.08369545345398e-05,7.083695453375e-05,0.261929394898315,0.64745675181742,0.0901366837454597
"ACTTTACCCTCATGAA-1",0.00798932454440807,0.301608012074569,0.171417019946896,0.123506822352838,0.000190945314559736,0.000190945314559714,0.00971559162483661,0.385143726600906,0.000237612226426733
"AGAAGAGCGCCGTTCC-1",9.51456831524582e-05,9.51456828881908e-05,9.51456828881845e-05,0.296415974101499,9.51456815024713e-05,9.51456828881916e-05,0.70291434717168,9.51456828882273e-05,9.88046306135102e-05
"AGAATTATGGATTCGA-1",7.60808557307259e-05,7.6080855489918e-05,7.60808554899301e-05,7.60808554907806e-05,7.6080854693754e-05,7.60808554899209e-05,0.246043319053735,0.638354627583896,0.115145568229984
"AGAATTGTTTGACATA-1",0.000149719403167738,0.02021646438324,0.000149719407682495,0.143961468830069,0.000149719407682503,0.0399060199728006,0.653485496114539,0.0460223479192494,0.095959044561569
"AGACAGCTCAGAATCC-1",9.79383049518437e-05,9.79383052908423e-05,9.7938305290839e-05,0.129715910331763,9.79383052909155e-05,0.0171505749509394,0.794141001387152,0.000103649607889987,0.0584971105014314
"AGACATAGATCCTTCC-1",6.48376171107774e-05,0.000861949641289554,6.48376171030646e-05,6.48376171423064e-05,0.00199312992797149,6.48376171034813e-05,0.153410502454259,0.683918637262466,0.159556430245555
"AGACCCACCGCTGATC-1",0.00014532993436453,0.000145329936127367,0.093808273099585,0.409584949059165,0.0211401457796306,0.0211263519348158,0.453758960384057,0.000145329936127362,0.000145329936127371
"AGACCGGGAAACCCTG-1",0.0227377836453069,0.152229278736192,0.0543602611650124,0.41883812818562,0.000244223508812923,0.000195448860692979,0.351132062604422,0.000131406646969999,0.000131406646970032
"AGACGGGATTGGTATA-1",0.0178248328420315,4.51595067874785e-05,0.631092082171344,0.189717992543162,4.51595063260822e-05,5.92263860501201e-05,4.51595067874947e-05,0.0908199295007094,0.0703504580368015
"AGAGAACCGTCTAGGA-1",9.03954190212032e-05,0.0748386072115657,0.00728694801398246,0.130609531635412,9.03954186961001e-05,0.000178969646173731,0.786658741125346,9.03954201598952e-05,0.000156016109643162
"AGAGATCTCTAAAGCG-1",0.0610606338165531,0.0558321760192635,0.30548483031133,0.28245562651893,0.000202506265113246,0.000202506265123553,0.29435670827344,0.000202506265123546,0.000202506265123546
"AGAGCAGTTATGAGAC-1",0.000140211948348683,0.000140211949600439,0.0206252474305412,0.364113939672505,0.000140211949992245,0.000140211949600444,0.614419541200211,0.000140211949600421,0.000140211949600445
"AGAGCGGGCTAATCAT-1",6.40067795402831e-05,0.0361221272960112,6.40067795466915e-05,0.00517623677429482,6.40067800235744e-05,6.40067795466976e-05,0.84732598437333,0.11100403604702,0.000115588390687175
"AGAGCTACGAAAGCAT-1",7.2755345130027e-05,7.27553458456916e-05,7.27553459531103e-05,7.27553458109115e-05,0.00118576919247648,7.27553458456798e-05,0.0360303793818503,0.81328594167775,0.149134133019338
"AGAGTTAGAGACCGAT-1",0.000173216490308321,0.0911484764533499,0.000185576121203948,0.0829014047076149,0.000173216490556071,0.107350755087116,0.365743239372501,0.0738689246309482,0.278455190646401
"AGATACGACTTCATAT-1",0.000101642485687308,0.00662296002286891,0.000101642486173347,0.144982155787206,0.000101642486416044,0.000101642486173349,0.847537486805071,0.000331963067258732,0.00011886437314536
"AGATACTCAAGATCGA-1",4.46310836287001e-05,5.53753406973482e-05,4.4631085559566e-05,0.0361727591874143,4.46310851401332e-05,0.0234868291572886,0.840836275851539,5.23391525379654e-05,0.0992625280561946
"AGATCGTGCATAAGAT-1",6.73188743847373e-05,6.73188735174787e-05,6.73188735174087e-05,6.73188735164597e-05,6.731887351748e-05,6.73188735174901e-05,0.31558102446489,0.683837056249856,0.000178006043283379
"AGATGACTCGCCCACG-1",0.0067547610400582,0.0219751607475552,0.00988301843007722,0.188233263027884,9.61318271512665e-05,9.61318267062764e-05,0.772724894538395,0.000129222244626186,0.000107416317546798
"AGATGAGGGTTGCGAT-1",6.96754898105121e-05,7.6471318554412e-05,0.68665011654088,0.137704418574163,0.0325899027930577,6.96754872448094e-05,6.96754872448668e-05,6.96754872448106e-05,0.142700388821799
"AGATGATGGAGTCTGG-1",0.0013086281967806,0.233235288766153,0.215594161132997,0.121322625715437,0.000194170819647164,0.000194170819647161,0.0885323859391534,0.339418727301835,0.00019984130835063
"AGATGCTATAACGAGC-1",6.38095189724381e-05,6.38095251521571e-05,6.38095251482871e-05,6.38095262838857e-05,6.38095281141088e-05,6.38095251558369e-05,0.0664154135691457,0.739583759265038,0.193617970016989
"AGCAACATATCTTATT-1",5.53864765186436e-05,5.53864765112377e-05,5.53864765114346e-05,5.53864765109451e-05,5.53864764026299e-05,5.53864765116383e-05,0.109220955227444,0.877757987824996,0.0126887380885936
"AGCACTACCGGCCTGT-1",6.96673272353496e-05,6.966733006853e-05,0.0686290056758896,0.695309038534634,0.00756745981023115,0.116193187923569,0.112022638738235,6.96673300685236e-05,6.96673300685236e-05
"AGCACTTAAGGACGCC-1",0.00020330854088116,0.00020330854088116,0.0710815646634249,0.184284142694139,0.00020330854088116,0.109031759428395,0.445576163638177,0.156335633669019,0.0330808102842018
