"","B_cells","Endothelial_cells","Fibroblasts","Macrophages_and_MDSCs","Mast_cells","NK_and_T_cells","SMCs_Fibroblasts_Hybrids","SMCs_maintype","SMCs_subtype"
"AAACAGAGCGACTCCT-1",0.000118828532358484,0.303027526239821,0.332640986669418,0.148654552978278,0.000118828532096094,0.000118828532358513,0.000177902565188502,0.215023717418122,0.000118828532358531
"AAACAGTGTTCCTGGG-1",4.07725038297554e-05,0.0320018192937009,0.00935486621721729,0.0118935792262482,4.07725039072864e-05,0.0141125410249678,0.0592657942208197,0.829391052949749,0.0438988020595603
"AAACATGGTGAGAGGA-1",8.96034935343044e-05,0.116230898498376,0.000380626243212826,0.0395176860967554,8.96034935343627e-05,8.96034935342946e-05,0.593741440886723,0.249770337255849,9.02005384799043e-05
"AAACCCGAACGAAATC-1",9.11730478362596e-05,0.212440006332296,0.250348062952801,0.0824233980156033,9.11730466466277e-05,9.11730478365862e-05,0.00306992865469626,0.421864372709165,0.0295807121931187
"AAACGAGACGGTTGAT-1",0.000132129028415362,0.0815941343857338,0.0392845128760081,0.0738372208262339,0.0349888237228891,0.000132129028415369,0.475253209313827,0.294631411170864,0.00014642964761277
"AAACTCGTGATATAAG-1",0.0167859472384177,0.183074641260593,0.0311110441633575,0.00544282939436046,6.75067657151304e-05,0.142355344352836,0.473250794337672,9.46864965028569e-05,0.147817205990545
"AAAGGCTCTCGCGCCG-1",9.55743521780509e-05,0.126798684160645,0.0559511337694591,0.0353380867634362,0.042360829798789,9.55743521780499e-05,0.000175970500987646,0.637606694086862,0.101577452215465
"AAAGGGATGTAGCAAG-1",0.0164921997851752,0.133590980069651,0.030683724440932,0.0342768207889008,0.000147355964821985,0.0324189245532859,0.162328281467154,0.589857763519485,0.00020394941059431
"AAAGTAGCATTGCTCA-1",5.16415729637986e-05,0.150335280427333,0.00617763012715308,0.0179864316432452,5.16415723694859e-05,0.0476073784981297,0.68247183835394,0.0951069350031732,0.000211222801693376
"AAATAACCATACGGGA-1",0.0248464044747912,0.341825590456297,0.333716695255164,0.177039446129434,0.000128088878188495,0.0607475452177492,0.000128088877853097,0.0614400518326696,0.000128088877853083
"AAATAGCTTAGACTTT-1",9.19208141904513e-05,0.161824428073807,0.0945217355710658,0.0425159447251723,9.19208138386229e-05,9.19208141904517e-05,0.184634667959497,0.516099803095948,0.000127658132289889
"AAATGATTCGATCAGC-1",0.000126651947050886,0.244210675060257,0.225815623894019,0.106840198189041,0.000126651946801811,0.000126651947050834,0.000126651947050871,0.422500243121678,0.000126651947050876
"AAATGGCATGTCTTGT-1",0.0106977618295049,0.424416430849438,0.360725228336564,0.0353085530234998,9.12018689848442e-05,9.12018691323429e-05,9.20806122695081e-05,0.161102899133342,0.00747464247726464
"AAATGGCCCGTGCCCT-1",0.000179753690473461,0.000179753690961627,0.000179753690273734,0.000179753690273752,0.000179753691462118,0.000179753690273734,0.492531964591668,0.505949464034883,0.000440049229731329
"AAATTACACGACTCTG-1",0.15941782048475,0.211005829738882,0.392557970580334,0.0882406922967347,0.0259561162450844,0.0239229008445024,0.000196102802203038,0.0985064642053068,0.000196102802203018
"AACAGGAAATCGAATA-1",0.127440409733729,0.120347749903094,0.314380300024372,0.000213477512641473,0.000213477512711625,0.0229248033527753,0.110410774924766,0.303855529523269,0.000213477512641461
"AACATCGATACGTCTA-1",0.000190513502152365,0.296459823563162,0.115325662866277,0.127386306759875,0.000190513502152418,0.031795381235344,0.114891690853243,0.28158072363775,0.0321793840800449
"AACCCGACAACCCGTG-1",0.027117425739641,0.0487216535240311,9.43690817588019e-05,0.01563883058078,9.43690817587992e-05,9.43690817588078e-05,0.420768129924374,0.386520092292749,0.100950760693148
"AACCGAGCTTGGTCAT-1",0.000130251816217701,0.167105884249635,0.000568365126155976,0.0195940606010433,0.00578621490801676,0.000130251816216016,0.510891423823635,0.1509800377451,0.144813509913981
"AACCTTTAAATACGGT-1",0.000141530681674249,0.172552664594682,0.585249894624014,0.0544397709477669,0.000141530681436022,0.0208145002012039,0.000144631671569062,0.16637394591598,0.000141530681674257
"AACCTTTACGACGTCT-1",0.0184830393473771,0.437108604607752,0.322537640387669,0.0563963964426267,0.0431041099918123,8.65562359690532e-05,0.000141348959542391,0.0583111640894928,0.0638311399377589
"AACGCATGATCTGGGT-1",0.0135736614088675,0.180611837169694,0.0985872762795455,0.101535486278244,0.000182910410463314,0.0146547048291738,0.297673238352276,0.292970465126762,0.000210420144973438
"AACGCGGTCTCCAGCC-1",0.000158425334132958,0.000158425334134767,0.000158425334134765,0.000158425334134752,0.000158425332802394,0.000158425334134764,0.252308314964482,0.746582707697908,0.000158425334134778
"AACTACCCGTTTGTCA-1",0.000138133482305518,0.175980667450497,0.333119148223085,0.0204467379718427,0.000138133481783867,0.0182523896524592,0.000183157120594028,0.401638549477499,0.0501030831399334
"AACTAGGCTTGGGTGT-1",9.37508632274115e-05,0.282740480970832,0.0837788418441319,0.0500646088070167,0.00933143286296041,9.37508632260002e-05,0.104709139158989,0.435455071566616,0.0337329230630005
"AACTCTCAATAGAGCG-1",7.51472013653355e-05,7.51472013673943e-05,7.514720621487e-05,7.51472013673955e-05,0.0140975199096767,7.5147201367395e-05,0.0481429468259248,0.861728103998884,0.0756556932538318
"AACTGATATTAGGCCT-1",0.0847691202426581,0.128322131976481,0.0651005456947592,0.0244768905542518,0.0320442057446044,0.000140018154105324,0.0871863947781788,0.48595118591088,0.0920095069440808
"AACTGGGTCCCGACGT-1",0.000101626479939543,0.0173578160218729,0.000101626480698647,0.000101626480696789,0.000101626480890331,0.000101626480696797,0.0368018335711923,0.945192969536669,0.000139248467344183
"AAGAGCTCTTTATCGG-1",0.0194768083697399,0.19920481750668,0.0967056558658951,0.0278540752782443,8.24893420362462e-05,8.24893421665615e-05,0.133121707921297,0.448847767850663,0.0746241885232785
"AAGATGGCACCGGACC-1",9.29673624623735e-05,0.000129235452714272,0.0484905808850937,0.0240357762194641,0.0592697338068354,9.29673624623763e-05,0.504275511678428,0.363502687542432,0.000110539690107769
"AAGATTGGCGGAACGT-1",5.17993187451742e-05,0.0708706957250349,5.17993187460517e-05,0.44321003565629,6.09484130513121e-05,0.0151141922287486,0.324688908970526,0.0349003136916702,0.111051306677188
"AAGCATACTCTCCTGA-1",8.90634169889269e-05,0.196402073235677,0.472990637031294,0.207895718720889,8.90634166707579e-05,8.90634169889381e-05,9.1159189765179e-05,0.102519569034287,0.0198336525374388
"AAGCCACTTGCAGGTA-1",0.000128499793030529,0.00012849979303057,0.000128499793030553,0.195047538171472,0.000128499793030544,0.000128499793030553,0.543739575378497,0.141812667146131,0.118757720338747
"AAGCCGCTTTACCTTG-1",0.0230401971763953,0.346445612273161,0.368891098408676,0.0292931282442024,5.64659850665545e-05,6.33243309990426e-05,0.000203186922616486,0.117283852484033,0.11472313417485
"AAGCGTCCCTCATCGA-1",0.000102165141657789,0.171510679034171,0.000102165141643951,0.000102165141643917,0.000102165141686303,0.00010216514164392,0.768020648617701,0.0598556814982078,0.00010216514164391
"AAGCTATGGATTGACC-1",6.59859647133123e-05,6.59859647124433e-05,6.59859647124433e-05,6.59859647124434e-05,6.59859647124973e-05,0.00334323986061532,0.65158547679296,0.316285052611325,0.0284563009115368
"AAGCTCTTTCATGGTG-1",8.71078633283295e-05,0.559305816432838,0.16333166584985,0.180191337195878,8.71078640602194e-05,0.0313320380986148,8.71078633277752e-05,0.0479287075833422,0.0176491112487609
"AAGGATCGATCGCTTG-1",0.000110137465354205,0.000110137465352559,0.000110137465352559,0.0130931995759686,0.000110137465919862,0.00011013746535256,0.260510222024394,0.626861887840332,0.0989840032319736
"AAGGCAGGCTGTCTCC-1",0.00703953745052112,9.2574986191348e-05,9.25749861913471e-05,9.25749861913589e-05,9.25749861913455e-05,9.25749861913461e-05,0.50667036699508,0.356910982456804,0.128916238166638
"AAGGGACAGATTCTGT-1",0.000116024049765033,0.10565244517746,0.0601522301441159,0.271891495042619,0.000116024049491095,0.0396171940962384,0.289421122853949,0.188851108011552,0.0441823565748099
"AAGGGTTTGATTTCAG-1",9.15834224204824e-05,0.0770912131589872,0.0341302513414255,0.0444544045381602,9.15834220689844e-05,0.0129228640713042,0.67284949123311,0.15826625023186,0.000102358580663138
"AAGTGCGTTAGAATCT-1",0.000200176743988059,0.127580727481003,0.0355900548137736,0.214574475173268,0.000200176743819919,0.00742792172247794,0.613993378559705,0.000232912017976258,0.000200176743988067
"AAGTGCTTCTCTATTG-1",6.27997207378333e-05,0.11340580876834,0.0128503854111532,0.0410448316330968,6.27997205548043e-05,6.27997207378136e-05,0.210023063508351,0.5275582851726,0.0949292263444283
"AAGTTCAGTCTGCGTA-1",6.488304827867e-05,0.0311143896743083,0.034788583413334,0.0386217461779636,6.48830481686545e-05,0.0169909858437729,0.120617013697005,0.757584448121651,0.000153066975518046
"AATACCGGAGGGCTGT-1",5.97722729200479e-05,0.0169729390938256,0.0580490637069967,0.0332609353456557,5.97722729200329e-05,5.97722729200359e-05,0.439311239800369,0.346460450219753,0.10576605501464
"AATAGCTACCGCGTGC-1",9.17357340655059e-05,0.0461837846619743,0.100325468706093,0.0893044815887847,9.17357327909234e-05,0.00757758141368462,0.213638915288482,0.510005006190207,0.0327812906839192
"AATAGGCACGACCCTT-1",9.38114408354666e-05,9.38114403105914e-05,9.38114403106292e-05,0.000773630252646133,0.0382588827012228,0.00369608251511656,0.35144402862174,0.420223433387122,0.185322508200696
"AATAGTCCGTCCCGAC-1",6.33358996747319e-05,0.0985298711004104,0.0279275886740397,0.000165517893962936,6.33358990179013e-05,0.0227075479730158,0.149677808607866,0.700794748702549,7.02452494639795e-05
"AATCAGGTTTCATTTA-1",0.000104705600394867,0.000104705600394863,0.030042814529076,0.0403429337606975,0.0186361306924089,0.000104705600394882,0.363163253870595,0.522760592526957,0.0247401578190817
"AATCGCGCAGAGGACT-1",6.26012579903921e-05,6.26012579932844e-05,6.26012579955606e-05,6.26012579932845e-05,6.26012579309321e-05,6.26012579932854e-05,0.166191616094327,0.706382139428707,0.12705063692907
"AATCTAGGTTTACTTG-1",7.49167859949178e-05,0.121824820257558,7.49167859949163e-05,7.49167859949143e-05,0.100896723239905,0.0194758464713689,0.326512018108725,0.259878305093575,0.171187536470883
"AATCTATGCCGGAGCC-1",5.31965775692992e-05,0.0315531973123103,5.31965774627963e-05,5.31965774628098e-05,0.0123925876772768,5.31965774628068e-05,0.934964161551048,0.0207909314430813,8.63357063260283e-05
"AATCTGGCTTTCTAGT-1",0.000102696111954401,0.000102696112093411,0.000102696111954494,0.000102696111954389,0.000102696112042887,0.132983262972029,0.857342664380805,0.00905687271784987,0.00010371936931634
"AATGATGATACGCTAT-1",5.85100814661869e-05,0.0432282001477797,0.0256800590652084,0.0606306617838055,5.8510081371683e-05,5.85100814593287e-05,0.642479158718418,0.139428400542446,0.0883779894980462
"AATGCAACCGGGTACC-1",4.88732346390684e-05,4.88732346397931e-05,0.132735264560984,0.0182482747357932,4.88732339270257e-05,4.88732346397949e-05,0.0762556460521972,0.700354239139004,0.0722110825741759
"AATGCACCAAGCAATG-1",9.98543842960266e-05,0.0878039643687074,0.0535975807418097,0.067724875344194,0.0121218959665816,9.98543842945087e-05,0.517646447171284,0.259820374852838,0.00108515278599471
"AATTAACGGATTTCCA-1",0.000106421955610646,0.0828162485941485,0.0119676982204095,0.0248061097751848,0.000106421955609952,0.000106421955609952,0.281371829489531,0.598572350977741,0.00014649707615449
"AATTAGCGCTGCAGCG-1",0.00237625808813475,0.204021560250035,0.415182021746084,0.114388806611262,0.0653020348220278,0.00560873768391576,0.000338192501462892,0.0427421172817553,0.150040271015322
"AATTCATAAGGGATCT-1",5.33128785932692e-05,0.0389146263186503,6.4361162506311e-05,0.0355208067118448,5.33128785932408e-05,5.33128785932573e-05,0.925221235102998,5.86664480449626e-05,6.03656201760716e-05
"ACAAACTCCATCAGAG-1",9.64076103659098e-05,0.0520874147334551,0.0177458818117891,0.0643580182608574,0.0111746278245994,9.64076103695021e-05,0.313142031257184,0.534840160766143,0.00645905012523663
"ACAACAGCATGAGCTA-1",0.000139531293541397,0.0676015816689766,0.180465096584871,0.0256311058564292,0.000139531293300666,0.000139531293539287,0.165291035404479,0.461376972454089,0.0992156141507729
"ACACCACATAATTAGC-1",8.0865055944222e-05,0.0343856896348872,8.08650559437176e-05,0.064350665246736,8.08650559437266e-05,0.0199134740820046,0.880888743985537,0.000130125439392469,8.87064436108644e-05
"ACACCTTACTACTTGC-1",9.15118575311734e-05,9.15118575392355e-05,9.1511857532889e-05,0.0189599335419907,9.15118571576903e-05,9.15118575392353e-05,0.0612709418666368,0.880212030306434,0.0390995349976377
"ACACGAGACTCCTTCT-1",0.000189325819116496,0.304833198752941,0.172278771439386,0.080229001384146,0.0254172760115041,0.00755476010008091,0.245633812576917,0.163674528096795,0.000189325819113675
"ACACGGGAACTTAGGG-1",6.20490180926305e-05,8.3462498185783e-05,6.20490180929391e-05,0.0197764512986083,0.023151545261068,6.20490180929061e-05,0.537714636679364,0.314605116271479,0.104482640937017
"ACAGTATACCGTGGGA-1",0.00452235479654892,0.00475844885909419,8.90303753004166e-05,0.0291564022689978,8.90303751778183e-05,8.90303753004146e-05,0.509853324967812,0.451132337875581,0.000310040106186811
"ACATAATAAGGCGGTG-1",9.60071228656902e-05,0.125387024627085,0.102990224690807,0.123004681913125,0.0103899255051006,9.60071228642012e-05,0.0894960345668318,0.548306627926136,0.000233466525184877
"ACATCCCGGCCATACG-1",8.77532612531586e-05,0.239576997418322,0.0526244071695817,0.0384507152410598,8.77532608806223e-05,0.02142661668564,0.0384718091515332,0.609161867331147,0.000112080480582431
"ACATCCTGGTAACTGT-1",9.15984027391488e-05,0.172795637858445,0.391328159347949,0.0623840412188938,9.15984027391772e-05,9.15984027326472e-05,0.000177963519540642,0.211268229101068,0.161771173745893
"ACATCGCAATATTCGG-1",8.48998562789952e-05,0.0278407788682994,8.48998562784674e-05,0.0455415592800563,8.48998562784752e-05,0.0247357821252191,0.662345770989413,0.102298206669153,0.136983202499023
"ACATGGCGCCAAAGTA-1",0.000127477834576729,0.414013795315796,0.186027802713172,0.0335080369564033,0.000127477833502935,0.0001274778345776,0.135660180627707,0.230225493416978,0.000182257467286949
"ACATTAGTTTATATCC-1",0.00347813723399009,0.338735428777166,0.37449881186146,0.14081950579643,0.0946367773190752,0.000135016897890121,0.000135016897890141,0.0474070479764006,0.000154257239698505
"ACCAAACACCCAGCGA-1",0.000188688140548766,0.266510731423317,0.294625316949265,0.0964884468491801,0.000188688141389037,0.000188688141389034,0.000280928882983499,0.185220879885281,0.156307631586648
"ACCAACACCACACACT-1",0.000127305455022232,0.158392439247727,0.0583133593121175,0.0536054434513319,0.000127305454800881,0.000127305455022229,0.483641915359237,0.245452248600413,0.000212677664327856
"ACCAATATGCAAGTTA-1",0.000131600015177832,0.226430132519991,0.341502902432277,0.0300638777892772,0.0372763305840868,0.0304852111926232,0.000131600015182751,0.333652827030722,0.000325518420661365
"ACCACCAATGTAACAA-1",9.20759543016263e-05,0.0631298985826319,0.0444299018599788,0.0760716310819519,9.20759550783024e-05,9.20759543016344e-05,0.210798172144975,0.60520209251248,9.20759543016086e-05
"ACCCGATTGGTTCCGA-1",0.00016223533302925,0.000162235333089176,0.0573215177783577,0.000162235333029176,0.000162235332930878,0.106474039828866,0.266040665133542,0.569348937244607,0.000165898682548008
"ACCCGGAAACTCCCAG-1",9.72655996103678e-05,0.0337205430241688,0.011863190986048,0.0654277945647874,0.00913041824689347,9.72655996097798e-05,0.115923704270442,0.76356612001467,0.000173697693769894
"ACCCGGATGACGCATC-1",0.000207419789649547,0.110591777988395,0.171067586930982,0.0484362733075375,0.000207419789971919,0.000207419789649544,0.293619538121185,0.375382335207235,0.000280229075394713
"ACCCGTGTCATCAGTA-1",0.000133705663897902,0.0891261284555203,0.0170946999271303,0.0572735488125715,0.000133705663897877,0.000133705663897869,0.438473231689657,0.397434093544927,0.000197180578500165
"ACCCTGGTAACGCCCT-1",7.97963544474737e-05,0.111829467294832,0.0802116392044294,0.147425328602183,7.9796354883016e-05,7.9796354447447e-05,0.210206562656136,0.450007816824194,7.97963544474763e-05
"ACCCTTCATCTGCGAA-1",0.0864527556167473,0.0980868102963822,0.287591316150637,0.140805311295796,0.000197486450797229,0.000197486450489949,0.000197486450489935,0.250792031878055,0.135679315410605
"ACCGATGGTAGCATCG-1",9.11701780258824e-05,9.11701780245333e-05,0.016264221885753,0.0484678680810538,9.11701780245332e-05,9.1170178024533e-05,0.0640313869186966,0.870753060399082,0.000118782003314743
"ACCGCTAGTCATTGGT-1",9.36037736891683e-05,0.00431539586577059,0.00646915021436732,0.0326820382165634,9.36037721789473e-05,9.36037736891496e-05,0.956019139075741,9.36037736891578e-05,0.000139861534311534
"ACCGTGACCACGTGGG-1",0.000155562972687083,0.000155562972687089,0.0001555629726871,0.0600510530866798,0.000155562972747551,0.000155562972687098,0.600922984639021,0.338091174806355,0.000156972604448223
"ACCTAAGTACCTTTCA-1",0.000231739164727326,0.0896765901483274,0.00023173916472733,0.0284553535985648,0.000231739165955835,0.000231739164727321,0.488190206512509,0.226112163436115,0.166638729644346
"ACCTACAGTATGTGGT-1",0.000110277237087568,0.000110277237086535,0.000110277237086531,0.00111471054757078,0.000110277237086534,0.000110277237086532,0.318813202636022,0.679289999171124,0.000230701459849685
"ACGAGGATACCACTCT-1",9.33107180226268e-05,9.33107180657301e-05,0.0218796282749778,9.3310718047621e-05,9.3310718047738e-05,0.0672955881034258,0.73044005990228,0.179889102297217,0.000122378549915388
"ACGATACATAGAACTA-1",4.03091744382989e-05,0.0796394614574978,0.00197969123380375,0.0924054470667019,4.03091744382995e-05,0.00753787575298521,0.79640090223056,0.00545402415316872,0.0165019797564063
"ACGATCATCTTGTAAA-1",7.62343574491187e-05,7.62343578506316e-05,7.62343578506387e-05,0.0100207818381066,7.62343552649932e-05,7.62343578506261e-05,0.27256853716711,0.597658166893116,0.119371342315402
"ACGCAATCACTACAGC-1",3.9535014258058e-05,0.0595066676729279,0.0226811140208419,0.0548824810485299,3.95350143578555e-05,0.00606841345273621,0.838440787323655,8.86229347734755e-05,0.0182528435179196
"ACGCCAGATGATTTCT-1",9.81196315184339e-05,0.00817612153010131,0.0209106731853262,0.219279839357428,9.81196313845221e-05,9.81196315184303e-05,0.0809523408006112,0.649824580580859,0.0205620856512523
"ACGGAGCGCAAATTAC-1",6.25849309205269e-05,0.00457042529782017,0.000181983300927409,0.000439177162960733,6.25849308840716e-05,6.25849309155914e-05,0.08772323543887,0.842357678123295,0.0645397458834066
"ACGGATGGTGCGGATA-1",0.000129240506753035,0.240513573918552,0.294043528025258,0.0846260147323867,0.0343730735002382,0.000129240506753037,0.0597592941906245,0.206617504589442,0.0798085300299923
"ACGGCACTTGCTTGGG-1",0.000132377408083889,0.224989891612358,0.277138107785163,0.365281207298159,0.0143098295590028,0.000132377408518556,0.000132377408518556,0.0951246557186018,0.0227591758015929
"ACGGCCAACATGGACT-1",0.00012705865166553,0.319968313009167,0.264443261330166,0.264778775072127,0.000127058651717914,0.000127058651665535,0.00025237527989909,0.150049040701926,0.00012705865166554
"ACGGGCGTATGCGACA-1",8.70522008740099e-05,0.000146578921963589,0.0122517696225116,0.0424502383922111,8.70522007969063e-05,0.0789786098295839,0.86576743138,9.80478397276119e-05,0.000133219612330913
"ACGTACTTTGGCACGG-1",0.000110762668994933,0.00011076266834061,0.0189227551639886,0.000110762668340799,0.000110762668340807,0.0548040862030207,0.231358134481794,0.694361210808839,0.000110762668340599
"ACGTGACAAAGTAAGT-1",6.01032404536739e-05,0.0143347319853503,0.0120494472688512,0.115735922449703,0.0160703893363094,6.01032411232816e-05,0.827202167162846,6.01032411232839e-05,0.0144270320742401
"ACGTGCGCCTCGTGCA-1",0.0609383114870265,0.106949928295021,0.117722624008476,0.0600034026182818,0.000129389161122017,0.000129389160974204,0.279136279733717,0.374810020645189,0.000180654890192116
"ACGTTCACTATGCCGC-1",6.76096390256524e-05,6.76096388491159e-05,6.76096388491244e-05,6.76096388491072e-05,6.76096398070727e-05,6.76096388491259e-05,0.406362287214364,0.536997947528378,0.0562341074230285
"ACGTTGTCGTTGAAAG-1",9.17967615491695e-05,0.0130073751026374,9.1796761548139e-05,0.0294171642433155,9.17967615481534e-05,9.17967615481313e-05,0.729733146979843,0.227362485421352,0.000112641206658466
"ACGTTTAGTTGTGATC-1",0.000124980078303824,0.322381772724016,0.206996989637287,0.0963786722280953,0.000124980079049861,0.0270733608817987,0.0101035437949574,0.275737536543113,0.0610781640333788
"ACTACCATCCGAGGGC-1",8.52288408867747e-05,0.147715231478119,8.52288408862098e-05,0.0373377614292129,8.52288408862011e-05,8.52288408862146e-05,0.729105004028273,0.0853589763789929,0.000142111321856664
"ACTATCCAGGGCATGG-1",0.00631050952182553,0.042886627770027,0.0194817831708901,0.0103684371249454,9.12517640627917e-05,9.12517640587965e-05,0.41121764663374,0.509209179892781,0.000343312357669351
"ACTATTCGTCCGTGGT-1",0.000127583255795564,0.322982597790267,0.249779800814789,0.0346909260509836,0.000127583256152683,0.121334558298707,0.000127583255795565,0.219193638153426,0.0516357291240823
"ACTCAATAAAGGCACG-1",0.000107292594130753,0.00071473982852907,0.000107292594129718,0.0135756714594703,0.000107292593679779,0.000107292594129713,0.592563943298748,0.392419548273897,0.000296926763285204
"ACTCCCGTAGACTAGG-1",4.48502415451412e-05,0.00394408818573674,0.00717883328846496,4.48502413658973e-05,4.48502401329271e-05,4.48502413659118e-05,0.202180148809311,0.786330383081607,0.000187145670471232
"ACTCCCTAATGCTAAA-1",6.73555944466579e-05,0.0964047652965247,0.0240335703771738,0.00124856496005489,6.73555941243459e-05,6.73555944524898e-05,0.178777203981253,0.699188860869471,0.00014496773249889
"ACTCGTAACCCGTCCT-1",0.000167509928772152,0.022994951594388,0.0001675099290744,0.0710634714923283,0.000167509929127268,0.000167509929074437,0.904859777652643,0.000185135305863961,0.000226624238728378
"ACTGAAACGCCGTTAG-1",0.000129917014598723,0.225617704779178,0.0504247972124197,0.0874620270484456,0.000129917014292242,0.000129917014598727,0.413302774880582,0.222669264907705,0.000133680128179343
"ACTGCCGTCGTAACTC-1",0.0159267230352466,0.0253353182295318,0.111274994602346,0.101612523134545,0.000140880619532122,0.000140880620996331,0.205475829337867,0.539951969798939,0.000140880620996328
"ACTGCTCGGAAGGATG-1",0.000192213354205267,0.0632587211593472,0.000192213354205274,0.200433635966981,0.000192213354505927,0.160751003862556,0.366479275278246,0.175493179882795,0.0330075437871585
"ACTGTACGATACACAT-1",6.17704839642174e-05,0.0135054667269225,6.17704839634338e-05,6.17704839634329e-05,6.17704839634366e-05,6.17704839634332e-05,0.771101168332144,0.211599899229216,0.00348461329189922
"ACTTATACTTACCCGG-1",0.000101575697686653,0.0117664590869334,0.0990526235944078,0.0275134786745253,0.000101575697686009,0.000101575697686006,0.280773918220416,0.507590833993942,0.0729979593367173
"ACTTCGCTAGCGAGTG-1",0.0120138826818775,0.0627893643919562,9.15571204722153e-05,0.0494058318531955,9.15571201208504e-05,0.0462779728626151,0.625133376246252,0.193827890160851,0.0103685675626595
"AGAAGAGCGCCGTTCC-1",6.90986213610407e-05,6.90986212730281e-05,0.138344470718532,6.90986213141383e-05,6.90986213961256e-05,6.90986213141453e-05,0.283921595765995,0.577283387650421,0.000105052758392977
"AGAAGGTACACTTCAC-1",9.09557354328894e-05,9.09557358541617e-05,0.0838725652984393,0.0439127020572206,9.09557356523737e-05,0.0545444896910886,0.657130368192139,0.160011244591914,0.000255762962259386
"AGAAGTGATTCGTGAT-1",0.000240600108079407,0.000240600108079384,0.000240600108079385,0.0692906081514104,0.000240600108137597,0.000240600108079384,0.45338631526299,0.29270057753452,0.183419498510624
"AGACCAAACCACACCT-1",5.77307034162983e-05,0.0486729816191864,5.77307034162528e-05,0.201144911203794,5.77307030015824e-05,5.77307034162562e-05,0.749718451657767,0.00014803207941678,8.47006265852677e-05
"AGACGACGATGCCGCT-1",0.000155289647810059,0.000206923148335985,0.000155289647792351,0.000155289647792352,0.000155289647948721,0.051386928455303,0.529537623255095,0.41809207690213,0.000155289647792247
"AGAGAAACACCAGAAA-1",0.000137678989740086,0.000137678989734718,0.0286174693285261,0.0204623211237922,0.000137678989768787,0.0516871463673792,0.552444021258442,0.211656421332246,0.134719583620371
"AGAGAAGGAGTACAAT-1",0.000138341609963624,0.172203908735146,0.000138341609963677,0.0507534073195818,0.000138341610047679,0.000138341609963648,0.490697856079357,0.285554303087516,0.00023715833846056
"AGAGCGCTTGTAACGG-1",0.0054959761574333,0.315378944406323,0.0997559207630639,0.0677211509964466,0.000132303124403181,0.000132303124633263,0.000132303124633259,0.458229189900104,0.0530219084029595
"AGAGCGGGCTAATCAT-1",0.000195631082849218,0.0884293540030461,0.252848135102837,0.139649855347515,0.000195631082871726,0.0459124097457301,0.000214412649529559,0.472353009831553,0.000201561154068212
"AGAGTATAGTGTTACG-1",0.0224542026763505,0.0613204377414301,6.03322919918443e-05,0.163314153332203,5.68969336895054e-05,5.68969338058342e-05,0.731355247279598,8.26489889958826e-05,0.0212991838219348
"AGATACCAGCACTTCA-1",0.000189023426826375,0.295168926186924,0.277183772851086,0.183797354754546,0.0317658870498965,0.000189023426990909,0.000189023426990888,0.137814959184993,0.073702029691747
"AGATCGTGCATAAGAT-1",0.000120096302332314,0.0512047660007538,0.0232772852460167,0.16971665101614,0.000120096302313079,0.0782965661879327,0.537916517340675,0.139206208640754,0.000141812963082722
"AGATCTCAGGTGTGAT-1",6.65220973678924e-05,0.00989754995192483,6.65220973672596e-05,6.65220973672597e-05,6.65220969127456e-05,6.65220973672613e-05,0.585011639976293,0.377756367950398,0.0270018316350018
"AGATGAGGGTTGCGAT-1",6.21899913953933e-05,0.642134693518586,0.193531537563147,0.000972570574213641,6.21899913077479e-05,0.103664051023016,6.21899913953952e-05,0.0593416574643777,0.00016891988256027
"AGCAGCCAGATGAATA-1",6.13400273423509e-05,0.0875132580007913,0.00933540511422994,0.0235864381605514,6.13400282947925e-05,6.13400273416456e-05,0.161951153892745,0.697880037344034,0.0195496874046699
"AGCCCTAAGCGAAGTT-1",0.0291491599703339,0.118534326233809,0.11498304998306,0.000156505378451389,0.0443985957078772,0.0474459071112834,0.275238174211153,0.132597036608764,0.237497244795268
"AGCCCTTCTAATCCGA-1",4.14256791329648e-05,0.0170464626782522,4.14256791331347e-05,0.046227932932978,0.0115448056723588,4.14256791331338e-05,0.150095608946731,0.769221911690723,0.00573900104155741
"AGCCGTGGCTAAATGT-1",0.031449315246819,0.102967567120308,0.0204960244983144,0.221247578136922,0.000195411713746039,0.000195411713758466,0.337520302238323,0.214085424699871,0.071842964631938
"AGCCTAATACCCACGT-1",3.87199261890918e-05,3.8719926193099e-05,3.87199261931497e-05,3.87199262104546e-05,3.87199265115642e-05,3.87199261930286e-05,0.720751384568908,0.15620109441556,0.122815201458042
"AGCGCATAATGAATCG-1",9.61261884782379e-05,0.0797182734979974,0.0281303950844338,0.0111924394030969,0.0296143266917221,0.00437305176998982,0.168829340219849,0.561711804174898,0.116334242969535
"AGCGCGGGTGCCAATG-1",0.0191514324097449,0.0177414147917476,0.0347178109416267,0.0786604391933245,8.54358939435344e-05,0.0176868692356401,0.83171338204097,0.000142946345703032,0.000100269147299922
"AGCGGCGGTTAGCGGT-1",9.82331280337472e-05,9.82331277156876e-05,0.0998743861365036,0.0752222854563475,9.82331276388657e-05,9.8233128034401e-05,0.824225658141203,0.00011277114564531,0.000171966608877498
"AGCGGTTGCCGCTCTG-1",0.00445699833312459,0.0254949512852993,0.0229653986872893,0.0406246686545439,6.57557199715495e-05,6.5755718109891e-05,0.156686336912084,0.717662417804815,0.0319777168847623
"AGCTAAGCTCCGTCCG-1",7.27954451830835e-05,7.27954452357905e-05,7.27954452357908e-05,7.27954452357999e-05,0.010237789409418,7.27954452357882e-05,0.195702705139936,0.793147319143394,0.000548209081125899
"AGCTAGAAGCAGAAGT-1",8.00839097792451e-05,0.131990369975611,0.0354702353159898,0.0933036184123664,0.0275864039754465,0.0108451528826283,0.48457826813099,0.202401637757544,0.0137442296396455
"AGCTATTTAATCCAAC-1",0.00014817522552923,0.0204397637075693,0.0453077204333866,0.0149200828203467,0.000148175224955002,0.0175197962114523,0.27181693483538,0.629515866298758,0.000183485242623224
"AGCTCTTCCCAGTGCA-1",0.00443055378359223,0.0378957259944797,0.0327747024934402,0.0181932746339501,0.00518718825559138,6.14752746144176e-05,0.363367117389652,0.490243201159305,0.0478467610153755
"AGCTCTTCGTAACCTT-1",6.51585029935648e-05,0.019651405317895,0.0338855409316482,0.029929007372535,6.51585034899138e-05,6.51585029926747e-05,0.226643755456502,0.56706633001124,0.122628485400703
"AGCTGAAGTAAACCAA-1",5.60337987794978e-05,5.60337987786959e-05,5.6033798778694e-05,5.60337987786904e-05,5.6033798693536e-05,5.60337987786962e-05,0.999480076865724,6.48691697296727e-05,0.000118851171958331
"AGGACGCTCGATGTTG-1",4.38819111487002e-05,0.028260621086443,0.0107963055982816,4.38819111482272e-05,4.38819096111089e-05,4.38819111482254e-05,0.0238893313485745,0.921218530481027,0.0156596838426177
"AGGAGAGTCTGGCTAC-1",0.000118936397139918,0.0947111570187879,0.0219519556959729,0.0644172852042529,0.000118936396107226,0.128163503710463,0.40323905820097,0.204727824458944,0.0825513429173623
"AGGATAAAGTCGGGAT-1",0.000200268163558282,0.239719417053336,0.352484560245018,0.159115186038434,0.0265453747847181,0.000200268164463655,0.000230407555557205,0.221304249830451,0.000200268164463655
"AGGATCACGCGATCTG-1",0.000104533301045005,0.0350994998957263,0.000104533300865645,0.000104533300865643,0.000104533302036922,0.000104533300867928,0.388093511083869,0.431023076814507,0.145261245700216
"AGGATTGCTTACGACA-1",0.0186959622465222,0.0432154441689571,5.92418097918882e-05,0.00977205361335291,5.92418096718932e-05,5.92418097918888e-05,0.927721214769116,0.00033414875899795,8.34510137978979e-05
"AGGCCACATTGGTTAC-1",6.79610167339619e-05,0.0204882614543594,6.79610167332146e-05,0.0117290929486848,6.79610167332071e-05,0.0114034991482425,0.404662633165972,0.545906085638511,0.00560654459403028
"AGGCGTCTATGGACGG-1",8.64455172528022e-05,0.346317342657178,0.416814696066506,0.154755269361975,8.64455163861935e-05,0.0309396303468994,9.9863330406011e-05,0.0308005555164375,0.0200997516869587
"AGGGACTCTACGCGAC-1",0.000131010953891237,0.113997777731347,0.0964462769722109,0.0779033346208598,0.056704572907497,0.000131010953891235,0.145561489265971,0.508975040907251,0.000149485687080647
"AGGGAGACATACTTCG-1",5.45180648989468e-05,0.022618692693705,5.45180649035728e-05,0.00247020082824459,5.45180649035748e-05,5.4518064903576e-05,0.974571720103993,5.51665563016617e-05,6.61475581465576e-05
"AGGGTCAGAGCACTCG-1",9.35815506094375e-05,0.0588791817103572,9.35815505458498e-05,0.0339147435877062,9.35815504318057e-05,0.0269067708708791,0.394434608709126,0.449192453881486,0.0363914965888576
"AGGGTCAGTAACCCTA-1",6.02659625303129e-05,0.283621167604291,0.55066337725482,0.0894514982751546,6.02659626329502e-05,0.0292535288951834,8.53405950365076e-05,0.0466490448569361,0.00015551059341481
"AGGGTCGATGCGAACT-1",9.68332428509301e-05,0.00610512217049356,0.0496723412558658,0.0810694301716262,0.000698118454441717,0.0175012136330167,0.166301566129537,0.678402798399292,0.000152576542875725
"AGGGTGCTCTCGAGGG-1",0.000142059697934208,0.0191824245643057,0.000142059697932582,0.0234760872547968,0.000142059697858675,0.000142059697932583,0.559249107754106,0.19388549709717,0.203638644537963
"AGGGTTCAGACGGTCC-1",0.000110676564906378,0.098875403772937,0.0337399366373623,0.0131870919494482,0.000110676564730574,0.0161988358769488,0.231645954259942,0.605909757021816,0.000221667351908836
"AGGTACGATATTGCCA-1",0.039226121367078,0.441945140034994,0.344430450580269,0.0818948128648173,0.000130016161717252,0.00526241202230433,0.000130016161731161,0.0868200206502565,0.000161010156832429
"AGGTTACACCATGCCG-1",4.54264866597009e-05,0.0049368968945745,4.54264866836261e-05,0.0168927551266236,4.54264857834689e-05,4.54264866614035e-05,0.13846814190591,0.775396338479467,0.0641241616476376
"AGTACATCATTTATCA-1",0.072336404213026,0.0411820825067106,0.0057473512850238,0.0316580538128185,5.71300054272041e-05,0.0614910844758947,0.787215541349589,0.000176147275989185,0.000136205075520755
"AGTAGGAAGGAAGTTG-1",0.000172081974338781,0.317532552118781,0.185786707235369,0.194092755590575,0.036495884256321,0.0265245179553355,0.000172081974338804,0.0374316577293576,0.201791761165584
"AGTATTTGGCACGACC-1",8.67608871594137e-05,0.0894525783326723,0.0978386861598303,0.0452138193368127,8.67608870211373e-05,8.67608871588065e-05,0.24898324582462,0.518136426720639,0.00011496096408614
"AGTCAAATGATGTGAT-1",0.000129196030871092,0.195721811926426,0.00012919603087265,0.0573612521530021,0.000129196030872649,0.156795479734321,0.000129196030872651,0.58947547603189,0.000129196030872574
"AGTCCCGCCTTTAATT-1",5.96671799820431e-05,0.00138616349661213,5.96671799821981e-05,5.96671799822e-05,5.96671813740674e-05,5.96671799822006e-05,0.123348847682155,0.874901906636388,6.47462835430315e-05
"AGTCGACGGTCTCAAG-1",0.000137169211761106,0.0205340354126162,0.160580344166043,0.0384703853853501,0.000137169211760235,0.0129691931480513,0.302944294641951,0.464044623325397,0.000182785497069668
"AGTCGGTTGCGTGAGA-1",0.000102382569399855,0.000102382569398955,0.000102382569398948,0.0111336801624595,0.000102382570520544,0.000102382569398953,0.332844295080807,0.603787258179717,0.0517228537288998
"AGTCGTGGGCATTACG-1",0.000110087402204073,0.000110087401707222,0.000110087401701713,0.000110087401690206,0.000192598934513116,0.000110087401172028,0.413275565199931,0.585572000827221,0.000409398029859919
"AGTCTAAAGTATACTC-1",5.12455284369986e-05,0.0206787252454243,0.00303692956672257,0.0535287513245928,5.12455286416021e-05,0.00866842230895438,0.898879594741368,0.0150382045212493,6.6881234610138e-05
"AGTCTCACAAGACTAC-1",9.425182808988e-05,9.42518280898831e-05,9.42518280898722e-05,0.117020348016493,9.42518287717836e-05,9.42518280898776e-05,0.599060011676352,0.283238454832374,0.000209926333649787
"AGTCTTCTCCTCAAAT-1",0.000124677415923044,0.0199171578884765,0.000124677415295417,0.000124677414842126,0.000124677415278482,0.000124677415278491,0.00037860931660732,0.978930855151544,0.000149990566754456
"AGTGAAGATGGTGTCC-1",0.0264923046107986,0.053450070925209,0.0370755519103245,0.0385999914639332,0.000131036826691835,0.0476483529973471,0.440222770986556,0.350997429049914,0.00538249122922555
"AGTGAGACTTCCAGTA-1",0.000138998256553367,0.157947327178251,0.22336993311858,0.0577984385511916,0.000138998256309017,0.00380303001916214,0.132464218921195,0.424164927805282,0.000174127893475565
"AGTGAGCCTCGCCGCC-1",8.74955602207344e-05,0.140518807180976,0.0387713684961215,0.0831356028769351,8.74955604947848e-05,8.74955602206959e-05,0.459987049814695,0.277070870094363,0.00025381485597319
"AGTGATTCAAGCAGGA-1",0.000104594988543515,0.00175482254936377,0.000104594988539381,0.00296392066298099,0.000104594988539385,0.000104594988539387,0.379066112162743,0.514559538739054,0.101237225931696
"AGTGGCGGCAATTTGA-1",0.031109472203148,0.0633551869933997,0.0199607020505884,0.0319702543450615,8.8170402711071e-05,0.0376684551215143,0.815600911435397,0.00014684243362066,0.000100005014558874
"AGTGTATTGCGCATTG-1",0.00439114313032363,0.00691461732589237,0.00681742541262715,0.0212585487025193,0.0211677148544976,3.86167396880088e-05,0.20671911704372,0.732485887209718,0.000206929581014036
"AGTTAAGCGGTCCCGG-1",0.00386040758285636,0.00495045721212338,0.00135669802815742,6.71891289630893e-05,6.71891289205827e-05,6.71891289630889e-05,0.000135574952825153,0.937377223912345,0.0521180709248464
"AGTTAAGTCAACCGCT-1",0.000141029983440049,0.000141029983440039,0.000141029983440045,0.131705420658186,0.00014102998382083,0.000141029983440038,0.537910755140856,0.0551938943789761,0.274484779904402
"AGTTACTCTATCGTGG-1",0.0193021377359213,0.547139250533191,0.299090504214674,0.0341753456270181,5.91078851884999e-05,5.91078858778503e-05,7.33584505245423e-05,0.0999813648331325,0.000119822834472648
"AGTTTATGTAAAGACA-1",0.035260095713566,0.114286425958648,0.0304131975797547,0.0820080519592742,0.000118146340261402,0.145080831655833,0.564635311693632,0.000121401081288135,0.0280765380177425
"AGTTTGCACCTGCCTC-1",9.29980502995105e-05,0.112785181808989,0.0519927737564498,0.0365248253889843,0.0184266031649547,9.29980502995159e-05,0.137349829496783,0.51229383308083,0.13044095720241
"ATAACGCCGGAGGGTC-1",0.019925532556355,0.131902373516245,0.126832148516737,0.0289599859381798,0.000127839860894353,0.000127839861119647,0.276708529583011,0.415165746908477,0.000250003258981464
"ATAAGTAGGGCGACTC-1",0.0414307917864073,0.046790283153753,0.0149143548892479,0.035122224058374,0.000103183570076756,0.000103183570564474,0.843442909798644,0.0179769350232231,0.000116134149709446
"ATACAGCGTCCACTGA-1",6.97362568018194e-05,6.97362568018247e-05,6.97362568018145e-05,0.032828890778096,0.0267381715223034,6.9736256801814e-05,0.281373264736912,0.658654208233372,0.000126519702109424
"ATACAGGCCCTCCAAT-1",0.00018519430744439,0.340724735691596,0.212837038119359,0.112386527600196,0.00993255940385263,0.0609530914367267,0.000185194307444388,0.164964714890597,0.0978309442427842
"ATACCGTCATCCATAA-1",8.87008167258586e-05,0.463943229471142,0.313689930542101,0.0645735614714607,0.0142351074036634,8.87008167258773e-05,9.15060067823258e-05,0.049316145292369,0.09397311817903
"ATACCTAACCAAGAAA-1",0.000103521652139299,0.0415688121597159,0.0395120169714264,0.0298909883561386,0.00010352165234102,0.0155344375988612,0.265072455227708,0.593724038389461,0.0144902079922084
"ATACGGGTTTCGATTG-1",5.37417263973007e-05,0.041847318450689,0.00901951999607082,0.304035765600222,5.374172603565e-05,5.37417263973245e-05,0.620464311286584,0.0243309870704275,0.000140872417175983
"ATACGTACTTAGCCAC-1",8.76955307626722e-05,0.521351273686904,0.0856902659459109,0.0176043893827492,0.0109000057282432,8.76955307716627e-05,8.7695530771652e-05,0.363962719145456,0.000228259518430061
"ATACTAGCATGACCCT-1",0.000209015170733381,0.0922603693486871,0.220417828725266,0.000209015170732119,0.0275867171912396,0.0300332540199651,0.199468923945469,0.429494764930828,0.000320111497078781
"ATAGGGATATCCTTGA-1",0.00526519605161634,0.3331047326542,0.0227086397880495,0.0174738003440284,0.00921647823226612,0.00267345412381627,0.46083375709017,0.148534018870855,0.000189922844998472
"ATAGTTCCACCCACTC-1",6.25701727359926e-05,0.0464050617559355,0.0365921079099447,0.000668323023783895,0.0194210146471353,6.2570172735037e-05,0.237258525225239,0.659373250951186,0.000156576141304598
"ATATAAAGCGCTCGTG-1",0.000106694546888174,0.0176991700963482,0.000106694546886603,0.00997878369341509,0.000106694546886598,0.000106694546886602,0.408769120399467,0.562903753217106,0.000222394406115914
"ATATAAATGTAGCTGC-1",0.0135023883921238,0.257609926683112,0.327752404442245,0.21202470551511,0.000128065568323499,0.065415267066697,0.000148373146016712,0.0908295327737507,0.0325893364126213
"ATATCAACCTACAGAG-1",0.0202830849146771,0.000100823410546947,0.000100823410546959,0.0555106628062828,0.000100823409582766,0.000100823410546951,0.324763123166262,0.458851186347539,0.140188649124016
"ATATCGGTAGGGAGAT-1",9.39212918194745e-05,0.0211139719503541,9.39212918188732e-05,0.00838609485302589,9.39212918188718e-05,9.39212918188709e-05,0.708085461289221,0.174831077076752,0.0872077096633713
"ATATCTCCCTCGTTAA-1",0.00815973304531743,8.08222094428733e-05,8.08222094428722e-05,8.08222094428733e-05,8.08222093329995e-05,8.08222094428728e-05,0.625620706036262,0.140735025218731,0.225080424652585
"ATATGTCTCCCTAGCC-1",0.000103415094725947,0.08370097528118,0.000103415094725341,0.0301302852248013,0.00357014095059617,0.000103415094725326,0.269068187129728,0.522224578744362,0.0909955873851562
"ATCACATTAGAATATC-1",3.93888315794878e-05,4.07724774089377e-05,3.93888313807272e-05,0.00478519954655034,3.93888313808204e-05,3.93888313808039e-05,0.994748665679994,4.25896276279205e-05,0.000225217342696673
"ATCACTTCATCCTCGC-1",0.000135242890010323,0.000135242890004923,0.000135242889998801,0.000135242890016741,0.000135242890004928,0.000135242890004926,0.214369582220805,0.784436305309355,0.000382655129800247
